Total Memory: 128 MB
Free Memory Before: 126 MB

Row Sums: 1 2 6
Column Sums: 1 1 1 1 1 1 1 1 1

All Row Combinations:
0 0 0 1 1 1 1 1 1
0 0 1 0 1 1 1 1 1
0 0 1 1 0 1 1 1 1
0 0 1 1 1 0 1 1 1
0 0 1 1 1 1 0 1 1
0 0 1 1 1 1 1 0 1
0 0 1 1 1 1 1 1 0
0 1 0 0 1 1 1 1 1
0 1 0 1 0 1 1 1 1
0 1 0 1 1 0 1 1 1
0 1 0 1 1 1 0 1 1
0 1 0 1 1 1 1 0 1
0 1 0 1 1 1 1 1 0
0 1 1 0 0 1 1 1 1
0 1 1 0 1 0 1 1 1
0 1 1 0 1 1 0 1 1
0 1 1 0 1 1 1 0 1
0 1 1 0 1 1 1 1 0
0 1 1 1 0 0 1 1 1
0 1 1 1 0 1 0 1 1
0 1 1 1 0 1 1 0 1
0 1 1 1 0 1 1 1 0
0 1 1 1 1 0 0 1 1
0 1 1 1 1 0 1 0 1
0 1 1 1 1 0 1 1 0
0 1 1 1 1 1 0 0 1
0 1 1 1 1 1 0 1 0
0 1 1 1 1 1 1 0 0
1 0 0 0 1 1 1 1 1
1 0 0 1 0 1 1 1 1
1 0 0 1 1 0 1 1 1
1 0 0 1 1 1 0 1 1
1 0 0 1 1 1 1 0 1
1 0 0 1 1 1 1 1 0
1 0 1 0 0 1 1 1 1
1 0 1 0 1 0 1 1 1
1 0 1 0 1 1 0 1 1
1 0 1 0 1 1 1 0 1
1 0 1 0 1 1 1 1 0
1 0 1 1 0 0 1 1 1
1 0 1 1 0 1 0 1 1
1 0 1 1 0 1 1 0 1
1 0 1 1 0 1 1 1 0
1 0 1 1 1 0 0 1 1
1 0 1 1 1 0 1 0 1
1 0 1 1 1 0 1 1 0
1 0 1 1 1 1 0 0 1
1 0 1 1 1 1 0 1 0
1 0 1 1 1 1 1 0 0
1 1 0 0 0 1 1 1 1
1 1 0 0 1 0 1 1 1
1 1 0 0 1 1 0 1 1
1 1 0 0 1 1 1 0 1
1 1 0 0 1 1 1 1 0
1 1 0 1 0 0 1 1 1
1 1 0 1 0 1 0 1 1
1 1 0 1 0 1 1 0 1
1 1 0 1 0 1 1 1 0
1 1 0 1 1 0 0 1 1
1 1 0 1 1 0 1 0 1
1 1 0 1 1 0 1 1 0
1 1 0 1 1 1 0 0 1
1 1 0 1 1 1 0 1 0
1 1 0 1 1 1 1 0 0
1 1 1 0 0 0 1 1 1
1 1 1 0 0 1 0 1 1
1 1 1 0 0 1 1 0 1
1 1 1 0 0 1 1 1 0
1 1 1 0 1 0 0 1 1
1 1 1 0 1 0 1 0 1
1 1 1 0 1 0 1 1 0
1 1 1 0 1 1 0 0 1
1 1 1 0 1 1 0 1 0
1 1 1 0 1 1 1 0 0
1 1 1 1 0 0 0 1 1
1 1 1 1 0 0 1 0 1
1 1 1 1 0 0 1 1 0
1 1 1 1 0 1 0 0 1
1 1 1 1 0 1 0 1 0
1 1 1 1 0 1 1 0 0
1 1 1 1 1 0 0 0 1
1 1 1 1 1 0 0 1 0
1 1 1 1 1 0 1 0 0
1 1 1 1 1 1 0 0 0

Number of Combinations: 84

Free Memory After: 105 MB
Free Memory Used: 21 MB

Time Taken: 320 milliseconds