Total Memory: 128 MB
Free Memory Before: 126 MB

Row Sums: 1 2 6
Column Sums: 1 1 1 1 1 1 1 1 1

All Row Combinations:
0 0 0 1 1 1 1 1 1
0 0 1 0 1 1 1 1 1
0 0 1 1 0 1 1 1 1
0 0 1 1 1 0 1 1 1
0 0 1 1 1 1 0 1 1
0 0 1 1 1 1 1 0 1
0 0 1 1 1 1 1 1 0
0 1 0 0 1 1 1 1 1
0 1 0 1 0 1 1 1 1
0 1 0 1 1 0 1 1 1
0 1 0 1 1 1 0 1 1
0 1 0 1 1 1 1 0 1
0 1 0 1 1 1 1 1 0
0 1 1 0 0 1 1 1 1
0 1 1 0 1 0 1 1 1
0 1 1 0 1 1 0 1 1
0 1 1 0 1 1 1 0 1
0 1 1 0 1 1 1 1 0
0 1 1 1 0 0 1 1 1
0 1 1 1 0 1 0 1 1
0 1 1 1 0 1 1 0 1
0 1 1 1 0 1 1 1 0
0 1 1 1 1 0 0 1 1
0 1 1 1 1 0 1 0 1
0 1 1 1 1 0 1 1 0
0 1 1 1 1 1 0 0 1
0 1 1 1 1 1 0 1 0
0 1 1 1 1 1 1 0 0
1 0 0 0 1 1 1 1 1
1 0 0 1 0 1 1 1 1
1 0 0 1 1 0 1 1 1
1 0 0 1 1 1 0 1 1
1 0 0 1 1 1 1 0 1
1 0 0 1 1 1 1 1 0
1 0 1 0 0 1 1 1 1
1 0 1 0 1 0 1 1 1
1 0 1 0 1 1 0 1 1
1 0 1 0 1 1 1 0 1
1 0 1 0 1 1 1 1 0
1 0 1 1 0 0 1 1 1
1 0 1 1 0 1 0 1 1
1 0 1 1 0 1 1 0 1
1 0 1 1 0 1 1 1 0
1 0 1 1 1 0 0 1 1
1 0 1 1 1 0 1 0 1
1 0 1 1 1 0 1 1 0
1 0 1 1 1 1 0 0 1
1 0 1 1 1 1 0 1 0
1 0 1 1 1 1 1 0 0
1 1 0 0 0 1 1 1 1
1 1 0 0 1 0 1 1 1
1 1 0 0 1 1 0 1 1
1 1 0 0 1 1 1 0 1
1 1 0 0 1 1 1 1 0
1 1 0 1 0 0 1 1 1
1 1 0 1 0 1 0 1 1
1 1 0 1 0 1 1 0 1
1 1 0 1 0 1 1 1 0
1 1 0 1 1 0 0 1 1
1 1 0 1 1 0 1 0 1
1 1 0 1 1 0 1 1 0
1 1 0 1 1 1 0 0 1
1 1 0 1 1 1 0 1 0
1 1 0 1 1 1 1 0 0
1 1 1 0 0 0 1 1 1
1 1 1 0 0 1 0 1 1
1 1 1 0 0 1 1 0 1
1 1 1 0 0 1 1 1 0
1 1 1 0 1 0 0 1 1
1 1 1 0 1 0 1 0 1
1 1 1 0 1 0 1 1 0
1 1 1 0 1 1 0 0 1
1 1 1 0 1 1 0 1 0
1 1 1 0 1 1 1 0 0
1 1 1 1 0 0 0 1 1
1 1 1 1 0 0 1 0 1
1 1 1 1 0 0 1 1 0
1 1 1 1 0 1 0 0 1
1 1 1 1 0 1 0 1 0
1 1 1 1 0 1 1 0 0
1 1 1 1 1 0 0 0 1
1 1 1 1 1 0 0 1 0
1 1 1 1 1 0 1 0 0
1 1 1 1 1 1 0 0 0

Number of Combinations: 84

0 0 0 0 0 0 0 0 0
0 0 0 0 0 0 0 0 0
0 0 0 1 1 1 1 1 1
0 0 0 0 0 0 0 0 0
0 0 0 0 0 0 0 0 0
0 0 1 0 1 1 1 1 1
0 0 0 0 0 0 0 0 0
0 0 0 0 0 0 0 0 0
0 0 1 1 0 1 1 1 1
0 0 0 0 0 0 0 0 0
0 0 0 0 0 0 0 0 0
0 0 1 1 1 0 1 1 1
0 0 0 0 0 0 0 0 0
0 0 0 0 0 0 0 0 0
0 0 1 1 1 1 0 1 1
0 0 0 0 0 0 0 0 0
0 0 0 0 0 0 0 0 0
0 0 1 1 1 1 1 0 1
0 0 0 0 0 0 0 0 0
0 0 0 0 0 0 0 0 0
0 0 1 1 1 1 1 1 0
0 0 0 0 0 0 0 0 0
0 0 0 0 0 0 0 0 0
0 1 0 0 1 1 1 1 1
0 0 0 0 0 0 0 0 0
0 0 0 0 0 0 0 0 0
0 1 0 1 0 1 1 1 1
0 0 0 0 0 0 0 0 0
0 0 0 0 0 0 0 0 0
0 1 0 1 1 0 1 1 1
0 0 0 0 0 0 0 0 0
0 0 0 0 0 0 0 0 0
0 1 0 1 1 1 0 1 1
0 0 0 0 0 0 0 0 0
0 0 0 0 0 0 0 0 0
0 1 0 1 1 1 1 0 1
0 0 0 0 0 0 0 0 0
0 0 0 0 0 0 0 0 0
0 1 0 1 1 1 1 1 0
0 0 0 0 0 0 0 0 0
0 0 0 0 0 0 0 0 0
0 1 1 0 0 1 1 1 1
0 0 0 0 0 0 0 0 0
0 0 0 0 0 0 0 0 0
0 1 1 0 1 0 1 1 1
0 0 0 0 0 0 0 0 0
0 0 0 0 0 0 0 0 0
0 1 1 0 1 1 0 1 1
0 0 0 0 0 0 0 0 0
0 0 0 0 0 0 0 0 0
0 1 1 0 1 1 1 0 1
0 0 0 0 0 0 0 0 0
0 0 0 0 0 0 0 0 0
0 1 1 0 1 1 1 1 0
0 0 0 0 0 0 0 0 0
0 0 0 0 0 0 0 0 0
0 1 1 1 0 0 1 1 1
0 0 0 0 0 0 0 0 0
0 0 0 0 0 0 0 0 0
0 1 1 1 0 1 0 1 1
0 0 0 0 0 0 0 0 0
0 0 0 0 0 0 0 0 0
0 1 1 1 0 1 1 0 1
0 0 0 0 0 0 0 0 0
0 0 0 0 0 0 0 0 0
0 1 1 1 0 1 1 1 0
0 0 0 0 0 0 0 0 0
0 0 0 0 0 0 0 0 0
0 1 1 1 1 0 0 1 1
0 0 0 0 0 0 0 0 0
0 0 0 0 0 0 0 0 0
0 1 1 1 1 0 1 0 1
0 0 0 0 0 0 0 0 0
0 0 0 0 0 0 0 0 0
0 1 1 1 1 0 1 1 0
0 0 0 0 0 0 0 0 0
0 0 0 0 0 0 0 0 0
0 1 1 1 1 1 0 0 1
0 0 0 0 0 0 0 0 0
0 0 0 0 0 0 0 0 0
0 1 1 1 1 1 0 1 0
0 0 0 0 0 0 0 0 0
0 0 0 0 0 0 0 0 0
0 1 1 1 1 1 1 0 0
0 0 0 0 0 0 0 0 0
0 0 0 0 0 0 0 0 0
1 0 0 0 1 1 1 1 1
0 0 0 0 0 0 0 0 0
0 0 0 0 0 0 0 0 0
1 0 0 1 0 1 1 1 1
0 0 0 0 0 0 0 0 0
0 0 0 0 0 0 0 0 0
1 0 0 1 1 0 1 1 1
0 0 0 0 0 0 0 0 0
0 0 0 0 0 0 0 0 0
1 0 0 1 1 1 0 1 1
0 0 0 0 0 0 0 0 0
0 0 0 0 0 0 0 0 0
1 0 0 1 1 1 1 0 1
0 0 0 0 0 0 0 0 0
0 0 0 0 0 0 0 0 0
1 0 0 1 1 1 1 1 0
0 0 0 0 0 0 0 0 0
0 0 0 0 0 0 0 0 0
1 0 1 0 0 1 1 1 1
0 0 0 0 0 0 0 0 0
0 0 0 0 0 0 0 0 0
1 0 1 0 1 0 1 1 1
0 0 0 0 0 0 0 0 0
0 0 0 0 0 0 0 0 0
1 0 1 0 1 1 0 1 1
0 0 0 0 0 0 0 0 0
0 0 0 0 0 0 0 0 0
1 0 1 0 1 1 1 0 1
0 0 0 0 0 0 0 0 0
0 0 0 0 0 0 0 0 0
1 0 1 0 1 1 1 1 0
0 0 0 0 0 0 0 0 0
0 0 0 0 0 0 0 0 0
1 0 1 1 0 0 1 1 1
0 0 0 0 0 0 0 0 0
0 0 0 0 0 0 0 0 0
1 0 1 1 0 1 0 1 1
0 0 0 0 0 0 0 0 0
0 0 0 0 0 0 0 0 0
1 0 1 1 0 1 1 0 1
0 0 0 0 0 0 0 0 0
0 0 0 0 0 0 0 0 0
1 0 1 1 0 1 1 1 0
0 0 0 0 0 0 0 0 0
0 0 0 0 0 0 0 0 0
1 0 1 1 1 0 0 1 1
0 0 0 0 0 0 0 0 0
0 0 0 0 0 0 0 0 0
1 0 1 1 1 0 1 0 1
0 0 0 0 0 0 0 0 0
0 0 0 0 0 0 0 0 0
1 0 1 1 1 0 1 1 0
0 0 0 0 0 0 0 0 0
0 0 0 0 0 0 0 0 0
1 0 1 1 1 1 0 0 1
0 0 0 0 0 0 0 0 0
0 0 0 0 0 0 0 0 0
1 0 1 1 1 1 0 1 0
0 0 0 0 0 0 0 0 0
0 0 0 0 0 0 0 0 0
1 0 1 1 1 1 1 0 0
0 0 0 0 0 0 0 0 0
0 0 0 0 0 0 0 0 0
1 1 0 0 0 1 1 1 1
0 0 0 0 0 0 0 0 0
0 0 0 0 0 0 0 0 0
1 1 0 0 1 0 1 1 1
0 0 0 0 0 0 0 0 0
0 0 0 0 0 0 0 0 0
1 1 0 0 1 1 0 1 1
0 0 0 0 0 0 0 0 0
0 0 0 0 0 0 0 0 0
1 1 0 0 1 1 1 0 1
0 0 0 0 0 0 0 0 0
0 0 0 0 0 0 0 0 0
1 1 0 0 1 1 1 1 0
0 0 0 0 0 0 0 0 0
0 0 0 0 0 0 0 0 0
1 1 0 1 0 0 1 1 1
0 0 0 0 0 0 0 0 0
0 0 0 0 0 0 0 0 0
1 1 0 1 0 1 0 1 1
0 0 0 0 0 0 0 0 0
0 0 0 0 0 0 0 0 0
1 1 0 1 0 1 1 0 1
0 0 0 0 0 0 0 0 0
0 0 0 0 0 0 0 0 0
1 1 0 1 0 1 1 1 0
0 0 0 0 0 0 0 0 0
0 0 0 0 0 0 0 0 0
1 1 0 1 1 0 0 1 1
0 0 0 0 0 0 0 0 0
0 0 0 0 0 0 0 0 0
1 1 0 1 1 0 1 0 1
0 0 0 0 0 0 0 0 0
0 0 0 0 0 0 0 0 0
1 1 0 1 1 0 1 1 0
0 0 0 0 0 0 0 0 0
0 0 0 0 0 0 0 0 0
1 1 0 1 1 1 0 0 1
0 0 0 0 0 0 0 0 0
0 0 0 0 0 0 0 0 0
1 1 0 1 1 1 0 1 0
0 0 0 0 0 0 0 0 0
0 0 0 0 0 0 0 0 0
1 1 0 1 1 1 1 0 0
0 0 0 0 0 0 0 0 0
0 0 0 0 0 0 0 0 0
1 1 1 0 0 0 1 1 1
0 0 0 0 0 0 0 0 0
0 0 0 0 0 0 0 0 0
1 1 1 0 0 1 0 1 1
0 0 0 0 0 0 0 0 0
0 0 0 0 0 0 0 0 0
1 1 1 0 0 1 1 0 1
0 0 0 0 0 0 0 0 0
0 0 0 0 0 0 0 0 0
1 1 1 0 0 1 1 1 0
0 0 0 0 0 0 0 0 0
0 0 0 0 0 0 0 0 0
1 1 1 0 1 0 0 1 1
0 0 0 0 0 0 0 0 0
0 0 0 0 0 0 0 0 0
1 1 1 0 1 0 1 0 1
0 0 0 0 0 0 0 0 0
0 0 0 0 0 0 0 0 0
1 1 1 0 1 0 1 1 0
0 0 0 0 0 0 0 0 0
0 0 0 0 0 0 0 0 0
1 1 1 0 1 1 0 0 1
0 0 0 0 0 0 0 0 0
0 0 0 0 0 0 0 0 0
1 1 1 0 1 1 0 1 0
0 0 0 0 0 0 0 0 0
0 0 0 0 0 0 0 0 0
1 1 1 0 1 1 1 0 0
0 0 0 0 0 0 0 0 0
0 0 0 0 0 0 0 0 0
1 1 1 1 0 0 0 1 1
0 0 0 0 0 0 0 0 0
0 0 0 0 0 0 0 0 0
1 1 1 1 0 0 1 0 1
0 0 0 0 0 0 0 0 0
0 0 0 0 0 0 0 0 0
1 1 1 1 0 0 1 1 0
0 0 0 0 0 0 0 0 0
0 0 0 0 0 0 0 0 0
1 1 1 1 0 1 0 0 1
0 0 0 0 0 0 0 0 0
0 0 0 0 0 0 0 0 0
1 1 1 1 0 1 0 1 0
0 0 0 0 0 0 0 0 0
0 0 0 0 0 0 0 0 0
1 1 1 1 0 1 1 0 0
0 0 0 0 0 0 0 0 0
0 0 0 0 0 0 0 0 0
1 1 1 1 1 0 0 0 1
0 0 0 0 0 0 0 0 0
0 0 0 0 0 0 0 0 0
1 1 1 1 1 0 0 1 0
0 0 0 0 0 0 0 0 0
0 0 0 0 0 0 0 0 0
1 1 1 1 1 0 1 0 0
0 0 0 0 0 0 0 0 0
0 0 0 0 0 0 0 0 0
1 1 1 1 1 1 0 0 0

Free Memory After: 103 MB
Free Memory Used: 23 MB

Time Taken: 539 milliseconds