Total Memory: 128 MB
Free Memory Before: 126 MB

Row Sums: 1 1 1 1 1 1 1 1 1
Column Sums: 1 2 6

All Row Combinations:
0 0 0 1 1 1 1 1 1
0 0 1 0 1 1 1 1 1
0 0 1 1 0 1 1 1 1
0 0 1 1 1 0 1 1 1
0 0 1 1 1 1 0 1 1
0 0 1 1 1 1 1 0 1
0 0 1 1 1 1 1 1 0
0 1 0 0 1 1 1 1 1
0 1 0 1 0 1 1 1 1
0 1 0 1 1 0 1 1 1
0 1 0 1 1 1 0 1 1
0 1 0 1 1 1 1 0 1
0 1 0 1 1 1 1 1 0
0 1 1 0 0 1 1 1 1
0 1 1 0 1 0 1 1 1
0 1 1 0 1 1 0 1 1
0 1 1 0 1 1 1 0 1
0 1 1 0 1 1 1 1 0
0 1 1 1 0 0 1 1 1
0 1 1 1 0 1 0 1 1
0 1 1 1 0 1 1 0 1
0 1 1 1 0 1 1 1 0
0 1 1 1 1 0 0 1 1
0 1 1 1 1 0 1 0 1
0 1 1 1 1 0 1 1 0
0 1 1 1 1 1 0 0 1
0 1 1 1 1 1 0 1 0
0 1 1 1 1 1 1 0 0
1 0 0 0 1 1 1 1 1
1 0 0 1 0 1 1 1 1
1 0 0 1 1 0 1 1 1
1 0 0 1 1 1 0 1 1
1 0 0 1 1 1 1 0 1
1 0 0 1 1 1 1 1 0
1 0 1 0 0 1 1 1 1
1 0 1 0 1 0 1 1 1
1 0 1 0 1 1 0 1 1
1 0 1 0 1 1 1 0 1
1 0 1 0 1 1 1 1 0
1 0 1 1 0 0 1 1 1
1 0 1 1 0 1 0 1 1
1 0 1 1 0 1 1 0 1
1 0 1 1 0 1 1 1 0
1 0 1 1 1 0 0 1 1
1 0 1 1 1 0 1 0 1
1 0 1 1 1 0 1 1 0
1 0 1 1 1 1 0 0 1
1 0 1 1 1 1 0 1 0
1 0 1 1 1 1 1 0 0
1 1 0 0 0 1 1 1 1
1 1 0 0 1 0 1 1 1
1 1 0 0 1 1 0 1 1
1 1 0 0 1 1 1 0 1
1 1 0 0 1 1 1 1 0
1 1 0 1 0 0 1 1 1
1 1 0 1 0 1 0 1 1
1 1 0 1 0 1 1 0 1
1 1 0 1 0 1 1 1 0
1 1 0 1 1 0 0 1 1
1 1 0 1 1 0 1 0 1
1 1 0 1 1 0 1 1 0
1 1 0 1 1 1 0 0 1
1 1 0 1 1 1 0 1 0
1 1 0 1 1 1 1 0 0
1 1 1 0 0 0 1 1 1
1 1 1 0 0 1 0 1 1
1 1 1 0 0 1 1 0 1
1 1 1 0 0 1 1 1 0
1 1 1 0 1 0 0 1 1
1 1 1 0 1 0 1 0 1
1 1 1 0 1 0 1 1 0
1 1 1 0 1 1 0 0 1
1 1 1 0 1 1 0 1 0
1 1 1 0 1 1 1 0 0
1 1 1 1 0 0 0 1 1
1 1 1 1 0 0 1 0 1
1 1 1 1 0 0 1 1 0
1 1 1 1 0 1 0 0 1
1 1 1 1 0 1 0 1 0
1 1 1 1 0 1 1 0 0
1 1 1 1 1 0 0 0 1
1 1 1 1 1 0 0 1 0
1 1 1 1 1 0 1 0 0
1 1 1 1 1 1 0 0 0

Number of Combinations: 84

Free Memory After: 104 MB
Free Memory Used: 22 MB

Time Taken: 309 milliseconds