Total Memory: 128 MB
Free Memory Before: 126 MB

Row Sums: 1 2 6
Column Sums: 0 0 0 1 1 1 1 1 1 3

All Row Combinations:
0 0 0 0 1 1 1 1 1 1
0 0 0 1 0 1 1 1 1 1
0 0 0 1 1 0 1 1 1 1
0 0 0 1 1 1 0 1 1 1
0 0 0 1 1 1 1 0 1 1
0 0 0 1 1 1 1 1 0 1
0 0 0 1 1 1 1 1 1 0
0 0 1 0 0 1 1 1 1 1
0 0 1 0 1 0 1 1 1 1
0 0 1 0 1 1 0 1 1 1
0 0 1 0 1 1 1 0 1 1
0 0 1 0 1 1 1 1 0 1
0 0 1 0 1 1 1 1 1 0
0 0 1 1 0 0 1 1 1 1
0 0 1 1 0 1 0 1 1 1
0 0 1 1 0 1 1 0 1 1
0 0 1 1 0 1 1 1 0 1
0 0 1 1 0 1 1 1 1 0
0 0 1 1 1 0 0 1 1 1
0 0 1 1 1 0 1 0 1 1
0 0 1 1 1 0 1 1 0 1
0 0 1 1 1 0 1 1 1 0
0 0 1 1 1 1 0 0 1 1
0 0 1 1 1 1 0 1 0 1
0 0 1 1 1 1 0 1 1 0
0 0 1 1 1 1 1 0 0 1
0 0 1 1 1 1 1 0 1 0
0 0 1 1 1 1 1 1 0 0
0 1 0 0 0 1 1 1 1 1
0 1 0 0 1 0 1 1 1 1
0 1 0 0 1 1 0 1 1 1
0 1 0 0 1 1 1 0 1 1
0 1 0 0 1 1 1 1 0 1
0 1 0 0 1 1 1 1 1 0
0 1 0 1 0 0 1 1 1 1
0 1 0 1 0 1 0 1 1 1
0 1 0 1 0 1 1 0 1 1
0 1 0 1 0 1 1 1 0 1
0 1 0 1 0 1 1 1 1 0
0 1 0 1 1 0 0 1 1 1
0 1 0 1 1 0 1 0 1 1
0 1 0 1 1 0 1 1 0 1
0 1 0 1 1 0 1 1 1 0
0 1 0 1 1 1 0 0 1 1
0 1 0 1 1 1 0 1 0 1
0 1 0 1 1 1 0 1 1 0
0 1 0 1 1 1 1 0 0 1
0 1 0 1 1 1 1 0 1 0
0 1 0 1 1 1 1 1 0 0
0 1 1 0 0 0 1 1 1 1
0 1 1 0 0 1 0 1 1 1
0 1 1 0 0 1 1 0 1 1
0 1 1 0 0 1 1 1 0 1
0 1 1 0 0 1 1 1 1 0
0 1 1 0 1 0 0 1 1 1
0 1 1 0 1 0 1 0 1 1
0 1 1 0 1 0 1 1 0 1
0 1 1 0 1 0 1 1 1 0
0 1 1 0 1 1 0 0 1 1
0 1 1 0 1 1 0 1 0 1
0 1 1 0 1 1 0 1 1 0
0 1 1 0 1 1 1 0 0 1
0 1 1 0 1 1 1 0 1 0
0 1 1 0 1 1 1 1 0 0
0 1 1 1 0 0 0 1 1 1
0 1 1 1 0 0 1 0 1 1
0 1 1 1 0 0 1 1 0 1
0 1 1 1 0 0 1 1 1 0
0 1 1 1 0 1 0 0 1 1
0 1 1 1 0 1 0 1 0 1
0 1 1 1 0 1 0 1 1 0
0 1 1 1 0 1 1 0 0 1
0 1 1 1 0 1 1 0 1 0
0 1 1 1 0 1 1 1 0 0
0 1 1 1 1 0 0 0 1 1
0 1 1 1 1 0 0 1 0 1
0 1 1 1 1 0 0 1 1 0
0 1 1 1 1 0 1 0 0 1
0 1 1 1 1 0 1 0 1 0
0 1 1 1 1 0 1 1 0 0
0 1 1 1 1 1 0 0 0 1
0 1 1 1 1 1 0 0 1 0
0 1 1 1 1 1 0 1 0 0
0 1 1 1 1 1 1 0 0 0
1 0 0 0 0 1 1 1 1 1
1 0 0 0 1 0 1 1 1 1
1 0 0 0 1 1 0 1 1 1
1 0 0 0 1 1 1 0 1 1
1 0 0 0 1 1 1 1 0 1
1 0 0 0 1 1 1 1 1 0
1 0 0 1 0 0 1 1 1 1
1 0 0 1 0 1 0 1 1 1
1 0 0 1 0 1 1 0 1 1
1 0 0 1 0 1 1 1 0 1
1 0 0 1 0 1 1 1 1 0
1 0 0 1 1 0 0 1 1 1
1 0 0 1 1 0 1 0 1 1
1 0 0 1 1 0 1 1 0 1
1 0 0 1 1 0 1 1 1 0
1 0 0 1 1 1 0 0 1 1
1 0 0 1 1 1 0 1 0 1
1 0 0 1 1 1 0 1 1 0
1 0 0 1 1 1 1 0 0 1
1 0 0 1 1 1 1 0 1 0
1 0 0 1 1 1 1 1 0 0
1 0 1 0 0 0 1 1 1 1
1 0 1 0 0 1 0 1 1 1
1 0 1 0 0 1 1 0 1 1
1 0 1 0 0 1 1 1 0 1
1 0 1 0 0 1 1 1 1 0
1 0 1 0 1 0 0 1 1 1
1 0 1 0 1 0 1 0 1 1
1 0 1 0 1 0 1 1 0 1
1 0 1 0 1 0 1 1 1 0
1 0 1 0 1 1 0 0 1 1
1 0 1 0 1 1 0 1 0 1
1 0 1 0 1 1 0 1 1 0
1 0 1 0 1 1 1 0 0 1
1 0 1 0 1 1 1 0 1 0
1 0 1 0 1 1 1 1 0 0
1 0 1 1 0 0 0 1 1 1
1 0 1 1 0 0 1 0 1 1
1 0 1 1 0 0 1 1 0 1
1 0 1 1 0 0 1 1 1 0
1 0 1 1 0 1 0 0 1 1
1 0 1 1 0 1 0 1 0 1
1 0 1 1 0 1 0 1 1 0
1 0 1 1 0 1 1 0 0 1
1 0 1 1 0 1 1 0 1 0
1 0 1 1 0 1 1 1 0 0
1 0 1 1 1 0 0 0 1 1
1 0 1 1 1 0 0 1 0 1
1 0 1 1 1 0 0 1 1 0
1 0 1 1 1 0 1 0 0 1
1 0 1 1 1 0 1 0 1 0
1 0 1 1 1 0 1 1 0 0
1 0 1 1 1 1 0 0 0 1
1 0 1 1 1 1 0 0 1 0
1 0 1 1 1 1 0 1 0 0
1 0 1 1 1 1 1 0 0 0
1 1 0 0 0 0 1 1 1 1
1 1 0 0 0 1 0 1 1 1
1 1 0 0 0 1 1 0 1 1
1 1 0 0 0 1 1 1 0 1
1 1 0 0 0 1 1 1 1 0
1 1 0 0 1 0 0 1 1 1
1 1 0 0 1 0 1 0 1 1
1 1 0 0 1 0 1 1 0 1
1 1 0 0 1 0 1 1 1 0
1 1 0 0 1 1 0 0 1 1
1 1 0 0 1 1 0 1 0 1
1 1 0 0 1 1 0 1 1 0
1 1 0 0 1 1 1 0 0 1
1 1 0 0 1 1 1 0 1 0
1 1 0 0 1 1 1 1 0 0
1 1 0 1 0 0 0 1 1 1
1 1 0 1 0 0 1 0 1 1
1 1 0 1 0 0 1 1 0 1
1 1 0 1 0 0 1 1 1 0
1 1 0 1 0 1 0 0 1 1
1 1 0 1 0 1 0 1 0 1
1 1 0 1 0 1 0 1 1 0
1 1 0 1 0 1 1 0 0 1
1 1 0 1 0 1 1 0 1 0
1 1 0 1 0 1 1 1 0 0
1 1 0 1 1 0 0 0 1 1
1 1 0 1 1 0 0 1 0 1
1 1 0 1 1 0 0 1 1 0
1 1 0 1 1 0 1 0 0 1
1 1 0 1 1 0 1 0 1 0
1 1 0 1 1 0 1 1 0 0
1 1 0 1 1 1 0 0 0 1
1 1 0 1 1 1 0 0 1 0
1 1 0 1 1 1 0 1 0 0
1 1 0 1 1 1 1 0 0 0
1 1 1 0 0 0 0 1 1 1
1 1 1 0 0 0 1 0 1 1
1 1 1 0 0 0 1 1 0 1
1 1 1 0 0 0 1 1 1 0
1 1 1 0 0 1 0 0 1 1
1 1 1 0 0 1 0 1 0 1
1 1 1 0 0 1 0 1 1 0
1 1 1 0 0 1 1 0 0 1
1 1 1 0 0 1 1 0 1 0
1 1 1 0 0 1 1 1 0 0
1 1 1 0 1 0 0 0 1 1
1 1 1 0 1 0 0 1 0 1
1 1 1 0 1 0 0 1 1 0
1 1 1 0 1 0 1 0 0 1
1 1 1 0 1 0 1 0 1 0
1 1 1 0 1 0 1 1 0 0
1 1 1 0 1 1 0 0 0 1
1 1 1 0 1 1 0 0 1 0
1 1 1 0 1 1 0 1 0 0
1 1 1 0 1 1 1 0 0 0
1 1 1 1 0 0 0 0 1 1
1 1 1 1 0 0 0 1 0 1
1 1 1 1 0 0 0 1 1 0
1 1 1 1 0 0 1 0 0 1
1 1 1 1 0 0 1 0 1 0
1 1 1 1 0 0 1 1 0 0
1 1 1 1 0 1 0 0 0 1
1 1 1 1 0 1 0 0 1 0
1 1 1 1 0 1 0 1 0 0
1 1 1 1 0 1 1 0 0 0
1 1 1 1 1 0 0 0 0 1
1 1 1 1 1 0 0 0 1 0
1 1 1 1 1 0 0 1 0 0
1 1 1 1 1 0 1 0 0 0
1 1 1 1 1 1 0 0 0 0

Number of Combinations: 210

0 0 0 0 0 0 0 0 0 1 
0 0 0 0 0 0 0 0 0 1 
0 0 0 0 1 1 1 1 1 1 

0 0 0 0 0 0 0 0 0 1 
0 0 0 0 0 0 0 0 0 1 
0 0 0 1 0 1 1 1 1 1 

0 0 0 0 0 0 0 0 0 1 
0 0 0 0 0 0 0 0 0 1 
0 0 0 1 1 0 1 1 1 1 

0 0 0 0 0 0 0 0 0 1 
0 0 0 0 0 0 0 0 0 1 
0 0 0 1 1 1 0 1 1 1 

0 0 0 0 0 0 0 0 0 1 
0 0 0 0 0 0 0 0 0 1 
0 0 0 1 1 1 1 0 1 1 

0 0 0 0 0 0 0 0 0 1 
0 0 0 0 0 0 0 0 0 1 
0 0 0 1 1 1 1 1 0 1 

0 0 0 0 0 0 0 0 0 1 
0 0 0 0 0 0 0 0 0 1 
0 0 0 1 1 1 1 1 1 1 

0 0 0 0 0 0 0 0 0 1 
0 0 0 0 0 0 0 0 0 1 
0 0 1 0 0 1 1 1 1 1 

0 0 0 0 0 0 0 0 0 1 
0 0 0 0 0 0 0 0 0 1 
0 0 1 0 1 0 1 1 1 1 

0 0 0 0 0 0 0 0 0 1 
0 0 0 0 0 0 0 0 0 1 
0 0 1 0 1 1 0 1 1 1 

0 0 0 0 0 0 0 0 0 1 
0 0 0 0 0 0 0 0 0 1 
0 0 1 0 1 1 1 0 1 1 

0 0 0 0 0 0 0 0 0 1 
0 0 0 0 0 0 0 0 0 1 
0 0 1 0 1 1 1 1 0 1 

0 0 0 0 0 0 0 0 0 1 
0 0 0 0 0 0 0 0 0 1 
0 0 1 0 1 1 1 1 1 1 

0 0 0 0 0 0 0 0 0 1 
0 0 0 0 0 0 0 0 0 1 
0 0 1 1 0 0 1 1 1 1 

0 0 0 0 0 0 0 0 0 1 
0 0 0 0 0 0 0 0 0 1 
0 0 1 1 0 1 0 1 1 1 

0 0 0 0 0 0 0 0 0 1 
0 0 0 0 0 0 0 0 0 1 
0 0 1 1 0 1 1 0 1 1 

0 0 0 0 0 0 0 0 0 1 
0 0 0 0 0 0 0 0 0 1 
0 0 1 1 0 1 1 1 0 1 

0 0 0 0 0 0 0 0 0 1 
0 0 0 0 0 0 0 0 0 1 
0 0 1 1 0 1 1 1 1 1 

0 0 0 0 0 0 0 0 0 1 
0 0 0 0 0 0 0 0 0 1 
0 0 1 1 1 0 0 1 1 1 

0 0 0 0 0 0 0 0 0 1 
0 0 0 0 0 0 0 0 0 1 
0 0 1 1 1 0 1 0 1 1 

0 0 0 0 0 0 0 0 0 1 
0 0 0 0 0 0 0 0 0 1 
0 0 1 1 1 0 1 1 0 1 

0 0 0 0 0 0 0 0 0 1 
0 0 0 0 0 0 0 0 0 1 
0 0 1 1 1 0 1 1 1 1 

0 0 0 0 0 0 0 0 0 1 
0 0 0 0 0 0 0 0 0 1 
0 0 1 1 1 1 0 0 1 1 

0 0 0 0 0 0 0 0 0 1 
0 0 0 0 0 0 0 0 0 1 
0 0 1 1 1 1 0 1 0 1 

0 0 0 0 0 0 0 0 0 1 
0 0 0 0 0 0 0 0 0 1 
0 0 1 1 1 1 0 1 1 1 

0 0 0 0 0 0 0 0 0 1 
0 0 0 0 0 0 0 0 0 1 
0 0 1 1 1 1 1 0 0 1 

0 0 0 0 0 0 0 0 0 1 
0 0 0 0 0 0 0 0 0 1 
0 0 1 1 1 1 1 0 1 1 

0 0 0 0 0 0 0 0 0 1 
0 0 0 0 0 0 0 0 0 1 
0 0 1 1 1 1 1 1 0 1 

0 0 0 0 0 0 0 0 0 1 
0 0 0 0 0 0 0 0 0 1 
0 1 0 0 0 1 1 1 1 1 

0 0 0 0 0 0 0 0 0 1 
0 0 0 0 0 0 0 0 0 1 
0 1 0 0 1 0 1 1 1 1 

0 0 0 0 0 0 0 0 0 1 
0 0 0 0 0 0 0 0 0 1 
0 1 0 0 1 1 0 1 1 1 

0 0 0 0 0 0 0 0 0 1 
0 0 0 0 0 0 0 0 0 1 
0 1 0 0 1 1 1 0 1 1 

0 0 0 0 0 0 0 0 0 1 
0 0 0 0 0 0 0 0 0 1 
0 1 0 0 1 1 1 1 0 1 

0 0 0 0 0 0 0 0 0 1 
0 0 0 0 0 0 0 0 0 1 
0 1 0 0 1 1 1 1 1 1 

0 0 0 0 0 0 0 0 0 1 
0 0 0 0 0 0 0 0 0 1 
0 1 0 1 0 0 1 1 1 1 

0 0 0 0 0 0 0 0 0 1 
0 0 0 0 0 0 0 0 0 1 
0 1 0 1 0 1 0 1 1 1 

0 0 0 0 0 0 0 0 0 1 
0 0 0 0 0 0 0 0 0 1 
0 1 0 1 0 1 1 0 1 1 

0 0 0 0 0 0 0 0 0 1 
0 0 0 0 0 0 0 0 0 1 
0 1 0 1 0 1 1 1 0 1 

0 0 0 0 0 0 0 0 0 1 
0 0 0 0 0 0 0 0 0 1 
0 1 0 1 0 1 1 1 1 1 

0 0 0 0 0 0 0 0 0 1 
0 0 0 0 0 0 0 0 0 1 
0 1 0 1 1 0 0 1 1 1 

0 0 0 0 0 0 0 0 0 1 
0 0 0 0 0 0 0 0 0 1 
0 1 0 1 1 0 1 0 1 1 

0 0 0 0 0 0 0 0 0 1 
0 0 0 0 0 0 0 0 0 1 
0 1 0 1 1 0 1 1 0 1 

0 0 0 0 0 0 0 0 0 1 
0 0 0 0 0 0 0 0 0 1 
0 1 0 1 1 0 1 1 1 1 

0 0 0 0 0 0 0 0 0 1 
0 0 0 0 0 0 0 0 0 1 
0 1 0 1 1 1 0 0 1 1 

0 0 0 0 0 0 0 0 0 1 
0 0 0 0 0 0 0 0 0 1 
0 1 0 1 1 1 0 1 0 1 

0 0 0 0 0 0 0 0 0 1 
0 0 0 0 0 0 0 0 0 1 
0 1 0 1 1 1 0 1 1 1 

0 0 0 0 0 0 0 0 0 1 
0 0 0 0 0 0 0 0 0 1 
0 1 0 1 1 1 1 0 0 1 

0 0 0 0 0 0 0 0 0 1 
0 0 0 0 0 0 0 0 0 1 
0 1 0 1 1 1 1 0 1 1 

0 0 0 0 0 0 0 0 0 1 
0 0 0 0 0 0 0 0 0 1 
0 1 0 1 1 1 1 1 0 1 

0 0 0 0 0 0 0 0 0 1 
0 0 0 0 0 0 0 0 0 1 
0 1 1 0 0 0 1 1 1 1 

0 0 0 0 0 0 0 0 0 1 
0 0 0 0 0 0 0 0 0 1 
0 1 1 0 0 1 0 1 1 1 

0 0 0 0 0 0 0 0 0 1 
0 0 0 0 0 0 0 0 0 1 
0 1 1 0 0 1 1 0 1 1 

0 0 0 0 0 0 0 0 0 1 
0 0 0 0 0 0 0 0 0 1 
0 1 1 0 0 1 1 1 0 1 

0 0 0 0 0 0 0 0 0 1 
0 0 0 0 0 0 0 0 0 1 
0 1 1 0 0 1 1 1 1 1 

0 0 0 0 0 0 0 0 0 1 
0 0 0 0 0 0 0 0 0 1 
0 1 1 0 1 0 0 1 1 1 

0 0 0 0 0 0 0 0 0 1 
0 0 0 0 0 0 0 0 0 1 
0 1 1 0 1 0 1 0 1 1 

0 0 0 0 0 0 0 0 0 1 
0 0 0 0 0 0 0 0 0 1 
0 1 1 0 1 0 1 1 0 1 

0 0 0 0 0 0 0 0 0 1 
0 0 0 0 0 0 0 0 0 1 
0 1 1 0 1 0 1 1 1 1 

0 0 0 0 0 0 0 0 0 1 
0 0 0 0 0 0 0 0 0 1 
0 1 1 0 1 1 0 0 1 1 

0 0 0 0 0 0 0 0 0 1 
0 0 0 0 0 0 0 0 0 1 
0 1 1 0 1 1 0 1 0 1 

0 0 0 0 0 0 0 0 0 1 
0 0 0 0 0 0 0 0 0 1 
0 1 1 0 1 1 0 1 1 1 

0 0 0 0 0 0 0 0 0 1 
0 0 0 0 0 0 0 0 0 1 
0 1 1 0 1 1 1 0 0 1 

0 0 0 0 0 0 0 0 0 1 
0 0 0 0 0 0 0 0 0 1 
0 1 1 0 1 1 1 0 1 1 

0 0 0 0 0 0 0 0 0 1 
0 0 0 0 0 0 0 0 0 1 
0 1 1 0 1 1 1 1 0 1 

0 0 0 0 0 0 0 0 0 1 
0 0 0 0 0 0 0 0 0 1 
0 1 1 1 0 0 0 1 1 1 

0 0 0 0 0 0 0 0 0 1 
0 0 0 0 0 0 0 0 0 1 
0 1 1 1 0 0 1 0 1 1 

0 0 0 0 0 0 0 0 0 1 
0 0 0 0 0 0 0 0 0 1 
0 1 1 1 0 0 1 1 0 1 

0 0 0 0 0 0 0 0 0 1 
0 0 0 0 0 0 0 0 0 1 
0 1 1 1 0 0 1 1 1 1 

0 0 0 0 0 0 0 0 0 1 
0 0 0 0 0 0 0 0 0 1 
0 1 1 1 0 1 0 0 1 1 

0 0 0 0 0 0 0 0 0 1 
0 0 0 0 0 0 0 0 0 1 
0 1 1 1 0 1 0 1 0 1 

0 0 0 0 0 0 0 0 0 1 
0 0 0 0 0 0 0 0 0 1 
0 1 1 1 0 1 0 1 1 1 

0 0 0 0 0 0 0 0 0 1 
0 0 0 0 0 0 0 0 0 1 
0 1 1 1 0 1 1 0 0 1 

0 0 0 0 0 0 0 0 0 1 
0 0 0 0 0 0 0 0 0 1 
0 1 1 1 0 1 1 0 1 1 

0 0 0 0 0 0 0 0 0 1 
0 0 0 0 0 0 0 0 0 1 
0 1 1 1 0 1 1 1 0 1 

0 0 0 0 0 0 0 0 0 1 
0 0 0 0 0 0 0 0 0 1 
0 1 1 1 1 0 0 0 1 1 

0 0 0 0 0 0 0 0 0 1 
0 0 0 0 0 0 0 0 0 1 
0 1 1 1 1 0 0 1 0 1 

0 0 0 0 0 0 0 0 0 1 
0 0 0 0 0 0 0 0 0 1 
0 1 1 1 1 0 0 1 1 1 

0 0 0 0 0 0 0 0 0 1 
0 0 0 0 0 0 0 0 0 1 
0 1 1 1 1 0 1 0 0 1 

0 0 0 0 0 0 0 0 0 1 
0 0 0 0 0 0 0 0 0 1 
0 1 1 1 1 0 1 0 1 1 

0 0 0 0 0 0 0 0 0 1 
0 0 0 0 0 0 0 0 0 1 
0 1 1 1 1 0 1 1 0 1 

0 0 0 0 0 0 0 0 0 1 
0 0 0 0 0 0 0 0 0 1 
0 1 1 1 1 1 0 0 0 1 

0 0 0 0 0 0 0 0 0 1 
0 0 0 0 0 0 0 0 0 1 
0 1 1 1 1 1 0 0 1 1 

0 0 0 0 0 0 0 0 0 1 
0 0 0 0 0 0 0 0 0 1 
0 1 1 1 1 1 0 1 0 1 

0 0 0 0 0 0 0 0 0 1 
0 0 0 0 0 0 0 0 0 1 
0 1 1 1 1 1 1 0 0 1 

0 0 0 0 0 0 0 0 0 1 
0 0 0 0 0 0 0 0 0 1 
1 0 0 0 0 1 1 1 1 1 

0 0 0 0 0 0 0 0 0 1 
0 0 0 0 0 0 0 0 0 1 
1 0 0 0 1 0 1 1 1 1 

0 0 0 0 0 0 0 0 0 1 
0 0 0 0 0 0 0 0 0 1 
1 0 0 0 1 1 0 1 1 1 

0 0 0 0 0 0 0 0 0 1 
0 0 0 0 0 0 0 0 0 1 
1 0 0 0 1 1 1 0 1 1 

0 0 0 0 0 0 0 0 0 1 
0 0 0 0 0 0 0 0 0 1 
1 0 0 0 1 1 1 1 0 1 

0 0 0 0 0 0 0 0 0 1 
0 0 0 0 0 0 0 0 0 1 
1 0 0 0 1 1 1 1 1 1 

0 0 0 0 0 0 0 0 0 1 
0 0 0 0 0 0 0 0 0 1 
1 0 0 1 0 0 1 1 1 1 

0 0 0 0 0 0 0 0 0 1 
0 0 0 0 0 0 0 0 0 1 
1 0 0 1 0 1 0 1 1 1 

0 0 0 0 0 0 0 0 0 1 
0 0 0 0 0 0 0 0 0 1 
1 0 0 1 0 1 1 0 1 1 

0 0 0 0 0 0 0 0 0 1 
0 0 0 0 0 0 0 0 0 1 
1 0 0 1 0 1 1 1 0 1 

0 0 0 0 0 0 0 0 0 1 
0 0 0 0 0 0 0 0 0 1 
1 0 0 1 0 1 1 1 1 1 

0 0 0 0 0 0 0 0 0 1 
0 0 0 0 0 0 0 0 0 1 
1 0 0 1 1 0 0 1 1 1 

0 0 0 0 0 0 0 0 0 1 
0 0 0 0 0 0 0 0 0 1 
1 0 0 1 1 0 1 0 1 1 

0 0 0 0 0 0 0 0 0 1 
0 0 0 0 0 0 0 0 0 1 
1 0 0 1 1 0 1 1 0 1 

0 0 0 0 0 0 0 0 0 1 
0 0 0 0 0 0 0 0 0 1 
1 0 0 1 1 0 1 1 1 1 

0 0 0 0 0 0 0 0 0 1 
0 0 0 0 0 0 0 0 0 1 
1 0 0 1 1 1 0 0 1 1 

0 0 0 0 0 0 0 0 0 1 
0 0 0 0 0 0 0 0 0 1 
1 0 0 1 1 1 0 1 0 1 

0 0 0 0 0 0 0 0 0 1 
0 0 0 0 0 0 0 0 0 1 
1 0 0 1 1 1 0 1 1 1 

0 0 0 0 0 0 0 0 0 1 
0 0 0 0 0 0 0 0 0 1 
1 0 0 1 1 1 1 0 0 1 

0 0 0 0 0 0 0 0 0 1 
0 0 0 0 0 0 0 0 0 1 
1 0 0 1 1 1 1 0 1 1 

0 0 0 0 0 0 0 0 0 1 
0 0 0 0 0 0 0 0 0 1 
1 0 0 1 1 1 1 1 0 1 

0 0 0 0 0 0 0 0 0 1 
0 0 0 0 0 0 0 0 0 1 
1 0 1 0 0 0 1 1 1 1 

0 0 0 0 0 0 0 0 0 1 
0 0 0 0 0 0 0 0 0 1 
1 0 1 0 0 1 0 1 1 1 

0 0 0 0 0 0 0 0 0 1 
0 0 0 0 0 0 0 0 0 1 
1 0 1 0 0 1 1 0 1 1 

0 0 0 0 0 0 0 0 0 1 
0 0 0 0 0 0 0 0 0 1 
1 0 1 0 0 1 1 1 0 1 

0 0 0 0 0 0 0 0 0 1 
0 0 0 0 0 0 0 0 0 1 
1 0 1 0 0 1 1 1 1 1 

0 0 0 0 0 0 0 0 0 1 
0 0 0 0 0 0 0 0 0 1 
1 0 1 0 1 0 0 1 1 1 

0 0 0 0 0 0 0 0 0 1 
0 0 0 0 0 0 0 0 0 1 
1 0 1 0 1 0 1 0 1 1 

0 0 0 0 0 0 0 0 0 1 
0 0 0 0 0 0 0 0 0 1 
1 0 1 0 1 0 1 1 0 1 

0 0 0 0 0 0 0 0 0 1 
0 0 0 0 0 0 0 0 0 1 
1 0 1 0 1 0 1 1 1 1 

0 0 0 0 0 0 0 0 0 1 
0 0 0 0 0 0 0 0 0 1 
1 0 1 0 1 1 0 0 1 1 

0 0 0 0 0 0 0 0 0 1 
0 0 0 0 0 0 0 0 0 1 
1 0 1 0 1 1 0 1 0 1 

0 0 0 0 0 0 0 0 0 1 
0 0 0 0 0 0 0 0 0 1 
1 0 1 0 1 1 0 1 1 1 

0 0 0 0 0 0 0 0 0 1 
0 0 0 0 0 0 0 0 0 1 
1 0 1 0 1 1 1 0 0 1 

0 0 0 0 0 0 0 0 0 1 
0 0 0 0 0 0 0 0 0 1 
1 0 1 0 1 1 1 0 1 1 

0 0 0 0 0 0 0 0 0 1 
0 0 0 0 0 0 0 0 0 1 
1 0 1 0 1 1 1 1 0 1 

0 0 0 0 0 0 0 0 0 1 
0 0 0 0 0 0 0 0 0 1 
1 0 1 1 0 0 0 1 1 1 

0 0 0 0 0 0 0 0 0 1 
0 0 0 0 0 0 0 0 0 1 
1 0 1 1 0 0 1 0 1 1 

0 0 0 0 0 0 0 0 0 1 
0 0 0 0 0 0 0 0 0 1 
1 0 1 1 0 0 1 1 0 1 

0 0 0 0 0 0 0 0 0 1 
0 0 0 0 0 0 0 0 0 1 
1 0 1 1 0 0 1 1 1 1 

0 0 0 0 0 0 0 0 0 1 
0 0 0 0 0 0 0 0 0 1 
1 0 1 1 0 1 0 0 1 1 

0 0 0 0 0 0 0 0 0 1 
0 0 0 0 0 0 0 0 0 1 
1 0 1 1 0 1 0 1 0 1 

0 0 0 0 0 0 0 0 0 1 
0 0 0 0 0 0 0 0 0 1 
1 0 1 1 0 1 0 1 1 1 

0 0 0 0 0 0 0 0 0 1 
0 0 0 0 0 0 0 0 0 1 
1 0 1 1 0 1 1 0 0 1 

0 0 0 0 0 0 0 0 0 1 
0 0 0 0 0 0 0 0 0 1 
1 0 1 1 0 1 1 0 1 1 

0 0 0 0 0 0 0 0 0 1 
0 0 0 0 0 0 0 0 0 1 
1 0 1 1 0 1 1 1 0 1 

0 0 0 0 0 0 0 0 0 1 
0 0 0 0 0 0 0 0 0 1 
1 0 1 1 1 0 0 0 1 1 

0 0 0 0 0 0 0 0 0 1 
0 0 0 0 0 0 0 0 0 1 
1 0 1 1 1 0 0 1 0 1 

0 0 0 0 0 0 0 0 0 1 
0 0 0 0 0 0 0 0 0 1 
1 0 1 1 1 0 0 1 1 1 

0 0 0 0 0 0 0 0 0 1 
0 0 0 0 0 0 0 0 0 1 
1 0 1 1 1 0 1 0 0 1 

0 0 0 0 0 0 0 0 0 1 
0 0 0 0 0 0 0 0 0 1 
1 0 1 1 1 0 1 0 1 1 

0 0 0 0 0 0 0 0 0 1 
0 0 0 0 0 0 0 0 0 1 
1 0 1 1 1 0 1 1 0 1 

0 0 0 0 0 0 0 0 0 1 
0 0 0 0 0 0 0 0 0 1 
1 0 1 1 1 1 0 0 0 1 

0 0 0 0 0 0 0 0 0 1 
0 0 0 0 0 0 0 0 0 1 
1 0 1 1 1 1 0 0 1 1 

0 0 0 0 0 0 0 0 0 1 
0 0 0 0 0 0 0 0 0 1 
1 0 1 1 1 1 0 1 0 1 

0 0 0 0 0 0 0 0 0 1 
0 0 0 0 0 0 0 0 0 1 
1 0 1 1 1 1 1 0 0 1 

0 0 0 0 0 0 0 0 0 1 
0 0 0 0 0 0 0 0 0 1 
1 1 0 0 0 0 1 1 1 1 

0 0 0 0 0 0 0 0 0 1 
0 0 0 0 0 0 0 0 0 1 
1 1 0 0 0 1 0 1 1 1 

0 0 0 0 0 0 0 0 0 1 
0 0 0 0 0 0 0 0 0 1 
1 1 0 0 0 1 1 0 1 1 

0 0 0 0 0 0 0 0 0 1 
0 0 0 0 0 0 0 0 0 1 
1 1 0 0 0 1 1 1 0 1 

0 0 0 0 0 0 0 0 0 1 
0 0 0 0 0 0 0 0 0 1 
1 1 0 0 0 1 1 1 1 1 

0 0 0 0 0 0 0 0 0 1 
0 0 0 0 0 0 0 0 0 1 
1 1 0 0 1 0 0 1 1 1 

0 0 0 0 0 0 0 0 0 1 
0 0 0 0 0 0 0 0 0 1 
1 1 0 0 1 0 1 0 1 1 

0 0 0 0 0 0 0 0 0 1 
0 0 0 0 0 0 0 0 0 1 
1 1 0 0 1 0 1 1 0 1 

0 0 0 0 0 0 0 0 0 1 
0 0 0 0 0 0 0 0 0 1 
1 1 0 0 1 0 1 1 1 1 

0 0 0 0 0 0 0 0 0 1 
0 0 0 0 0 0 0 0 0 1 
1 1 0 0 1 1 0 0 1 1 

0 0 0 0 0 0 0 0 0 1 
0 0 0 0 0 0 0 0 0 1 
1 1 0 0 1 1 0 1 0 1 

0 0 0 0 0 0 0 0 0 1 
0 0 0 0 0 0 0 0 0 1 
1 1 0 0 1 1 0 1 1 1 

0 0 0 0 0 0 0 0 0 1 
0 0 0 0 0 0 0 0 0 1 
1 1 0 0 1 1 1 0 0 1 

0 0 0 0 0 0 0 0 0 1 
0 0 0 0 0 0 0 0 0 1 
1 1 0 0 1 1 1 0 1 1 

0 0 0 0 0 0 0 0 0 1 
0 0 0 0 0 0 0 0 0 1 
1 1 0 0 1 1 1 1 0 1 

0 0 0 0 0 0 0 0 0 1 
0 0 0 0 0 0 0 0 0 1 
1 1 0 1 0 0 0 1 1 1 

0 0 0 0 0 0 0 0 0 1 
0 0 0 0 0 0 0 0 0 1 
1 1 0 1 0 0 1 0 1 1 

0 0 0 0 0 0 0 0 0 1 
0 0 0 0 0 0 0 0 0 1 
1 1 0 1 0 0 1 1 0 1 

0 0 0 0 0 0 0 0 0 1 
0 0 0 0 0 0 0 0 0 1 
1 1 0 1 0 0 1 1 1 1 

0 0 0 0 0 0 0 0 0 1 
0 0 0 0 0 0 0 0 0 1 
1 1 0 1 0 1 0 0 1 1 

0 0 0 0 0 0 0 0 0 1 
0 0 0 0 0 0 0 0 0 1 
1 1 0 1 0 1 0 1 0 1 

0 0 0 0 0 0 0 0 0 1 
0 0 0 0 0 0 0 0 0 1 
1 1 0 1 0 1 0 1 1 1 

0 0 0 0 0 0 0 0 0 1 
0 0 0 0 0 0 0 0 0 1 
1 1 0 1 0 1 1 0 0 1 

0 0 0 0 0 0 0 0 0 1 
0 0 0 0 0 0 0 0 0 1 
1 1 0 1 0 1 1 0 1 1 

0 0 0 0 0 0 0 0 0 1 
0 0 0 0 0 0 0 0 0 1 
1 1 0 1 0 1 1 1 0 1 

0 0 0 0 0 0 0 0 0 1 
0 0 0 0 0 0 0 0 0 1 
1 1 0 1 1 0 0 0 1 1 

0 0 0 0 0 0 0 0 0 1 
0 0 0 0 0 0 0 0 0 1 
1 1 0 1 1 0 0 1 0 1 

0 0 0 0 0 0 0 0 0 1 
0 0 0 0 0 0 0 0 0 1 
1 1 0 1 1 0 0 1 1 1 

0 0 0 0 0 0 0 0 0 1 
0 0 0 0 0 0 0 0 0 1 
1 1 0 1 1 0 1 0 0 1 

0 0 0 0 0 0 0 0 0 1 
0 0 0 0 0 0 0 0 0 1 
1 1 0 1 1 0 1 0 1 1 

0 0 0 0 0 0 0 0 0 1 
0 0 0 0 0 0 0 0 0 1 
1 1 0 1 1 0 1 1 0 1 

0 0 0 0 0 0 0 0 0 1 
0 0 0 0 0 0 0 0 0 1 
1 1 0 1 1 1 0 0 0 1 

0 0 0 0 0 0 0 0 0 1 
0 0 0 0 0 0 0 0 0 1 
1 1 0 1 1 1 0 0 1 1 

0 0 0 0 0 0 0 0 0 1 
0 0 0 0 0 0 0 0 0 1 
1 1 0 1 1 1 0 1 0 1 

0 0 0 0 0 0 0 0 0 1 
0 0 0 0 0 0 0 0 0 1 
1 1 0 1 1 1 1 0 0 1 

0 0 0 0 0 0 0 0 0 1 
0 0 0 0 0 0 0 0 0 1 
1 1 1 0 0 0 0 1 1 1 

0 0 0 0 0 0 0 0 0 1 
0 0 0 0 0 0 0 0 0 1 
1 1 1 0 0 0 1 0 1 1 

0 0 0 0 0 0 0 0 0 1 
0 0 0 0 0 0 0 0 0 1 
1 1 1 0 0 0 1 1 0 1 

0 0 0 0 0 0 0 0 0 1 
0 0 0 0 0 0 0 0 0 1 
1 1 1 0 0 0 1 1 1 1 

0 0 0 0 0 0 0 0 0 1 
0 0 0 0 0 0 0 0 0 1 
1 1 1 0 0 1 0 0 1 1 

0 0 0 0 0 0 0 0 0 1 
0 0 0 0 0 0 0 0 0 1 
1 1 1 0 0 1 0 1 0 1 

0 0 0 0 0 0 0 0 0 1 
0 0 0 0 0 0 0 0 0 1 
1 1 1 0 0 1 0 1 1 1 

0 0 0 0 0 0 0 0 0 1 
0 0 0 0 0 0 0 0 0 1 
1 1 1 0 0 1 1 0 0 1 

0 0 0 0 0 0 0 0 0 1 
0 0 0 0 0 0 0 0 0 1 
1 1 1 0 0 1 1 0 1 1 

0 0 0 0 0 0 0 0 0 1 
0 0 0 0 0 0 0 0 0 1 
1 1 1 0 0 1 1 1 0 1 

0 0 0 0 0 0 0 0 0 1 
0 0 0 0 0 0 0 0 0 1 
1 1 1 0 1 0 0 0 1 1 

0 0 0 0 0 0 0 0 0 1 
0 0 0 0 0 0 0 0 0 1 
1 1 1 0 1 0 0 1 0 1 

0 0 0 0 0 0 0 0 0 1 
0 0 0 0 0 0 0 0 0 1 
1 1 1 0 1 0 0 1 1 1 

0 0 0 0 0 0 0 0 0 1 
0 0 0 0 0 0 0 0 0 1 
1 1 1 0 1 0 1 0 0 1 

0 0 0 0 0 0 0 0 0 1 
0 0 0 0 0 0 0 0 0 1 
1 1 1 0 1 0 1 0 1 1 

0 0 0 0 0 0 0 0 0 1 
0 0 0 0 0 0 0 0 0 1 
1 1 1 0 1 0 1 1 0 1 

0 0 0 0 0 0 0 0 0 1 
0 0 0 0 0 0 0 0 0 1 
1 1 1 0 1 1 0 0 0 1 

0 0 0 0 0 0 0 0 0 1 
0 0 0 0 0 0 0 0 0 1 
1 1 1 0 1 1 0 0 1 1 

0 0 0 0 0 0 0 0 0 1 
0 0 0 0 0 0 0 0 0 1 
1 1 1 0 1 1 0 1 0 1 

0 0 0 0 0 0 0 0 0 1 
0 0 0 0 0 0 0 0 0 1 
1 1 1 0 1 1 1 0 0 1 

0 0 0 0 0 0 0 0 0 1 
0 0 0 0 0 0 0 0 0 1 
1 1 1 1 0 0 0 0 1 1 

0 0 0 0 0 0 0 0 0 1 
0 0 0 0 0 0 0 0 0 1 
1 1 1 1 0 0 0 1 0 1 

0 0 0 0 0 0 0 0 0 1 
0 0 0 0 0 0 0 0 0 1 
1 1 1 1 0 0 0 1 1 1 

0 0 0 0 0 0 0 0 0 1 
0 0 0 0 0 0 0 0 0 1 
1 1 1 1 0 0 1 0 0 1 

0 0 0 0 0 0 0 0 0 1 
0 0 0 0 0 0 0 0 0 1 
1 1 1 1 0 0 1 0 1 1 

0 0 0 0 0 0 0 0 0 1 
0 0 0 0 0 0 0 0 0 1 
1 1 1 1 0 0 1 1 0 1 

0 0 0 0 0 0 0 0 0 1 
0 0 0 0 0 0 0 0 0 1 
1 1 1 1 0 1 0 0 0 1 

0 0 0 0 0 0 0 0 0 1 
0 0 0 0 0 0 0 0 0 1 
1 1 1 1 0 1 0 0 1 1 

0 0 0 0 0 0 0 0 0 1 
0 0 0 0 0 0 0 0 0 1 
1 1 1 1 0 1 0 1 0 1 

0 0 0 0 0 0 0 0 0 1 
0 0 0 0 0 0 0 0 0 1 
1 1 1 1 0 1 1 0 0 1 

0 0 0 0 0 0 0 0 0 1 
0 0 0 0 0 0 0 0 0 1 
1 1 1 1 1 0 0 0 0 1 

0 0 0 0 0 0 0 0 0 1 
0 0 0 0 0 0 0 0 0 1 
1 1 1 1 1 0 0 0 1 1 

0 0 0 0 0 0 0 0 0 1 
0 0 0 0 0 0 0 0 0 1 
1 1 1 1 1 0 0 1 0 1 

0 0 0 0 0 0 0 0 0 1 
0 0 0 0 0 0 0 0 0 1 
1 1 1 1 1 0 1 0 0 1 

0 0 0 0 0 0 0 0 0 1 
0 0 0 0 0 0 0 0 0 1 
1 1 1 1 1 1 0 0 0 1 


Free Memory After: 284 MB
Free Memory Used: -158 MB

Time Taken: 4804 milliseconds