Total Memory: 128 MB
Free Memory Before: 126 MB

Row Sums: 1 2 6
Column Sums: 0 0 0 1 1 1 1 1 1 3

All Row Combinations:
0 0 0 0 1 1 1 1 1 1
0 0 0 1 0 1 1 1 1 1
0 0 0 1 1 0 1 1 1 1
0 0 0 1 1 1 0 1 1 1
0 0 0 1 1 1 1 0 1 1
0 0 0 1 1 1 1 1 0 1
0 0 0 1 1 1 1 1 1 0
0 0 1 0 0 1 1 1 1 1
0 0 1 0 1 0 1 1 1 1
0 0 1 0 1 1 0 1 1 1
0 0 1 0 1 1 1 0 1 1
0 0 1 0 1 1 1 1 0 1
0 0 1 0 1 1 1 1 1 0
0 0 1 1 0 0 1 1 1 1
0 0 1 1 0 1 0 1 1 1
0 0 1 1 0 1 1 0 1 1
0 0 1 1 0 1 1 1 0 1
0 0 1 1 0 1 1 1 1 0
0 0 1 1 1 0 0 1 1 1
0 0 1 1 1 0 1 0 1 1
0 0 1 1 1 0 1 1 0 1
0 0 1 1 1 0 1 1 1 0
0 0 1 1 1 1 0 0 1 1
0 0 1 1 1 1 0 1 0 1
0 0 1 1 1 1 0 1 1 0
0 0 1 1 1 1 1 0 0 1
0 0 1 1 1 1 1 0 1 0
0 0 1 1 1 1 1 1 0 0
0 1 0 0 0 1 1 1 1 1
0 1 0 0 1 0 1 1 1 1
0 1 0 0 1 1 0 1 1 1
0 1 0 0 1 1 1 0 1 1
0 1 0 0 1 1 1 1 0 1
0 1 0 0 1 1 1 1 1 0
0 1 0 1 0 0 1 1 1 1
0 1 0 1 0 1 0 1 1 1
0 1 0 1 0 1 1 0 1 1
0 1 0 1 0 1 1 1 0 1
0 1 0 1 0 1 1 1 1 0
0 1 0 1 1 0 0 1 1 1
0 1 0 1 1 0 1 0 1 1
0 1 0 1 1 0 1 1 0 1
0 1 0 1 1 0 1 1 1 0
0 1 0 1 1 1 0 0 1 1
0 1 0 1 1 1 0 1 0 1
0 1 0 1 1 1 0 1 1 0
0 1 0 1 1 1 1 0 0 1
0 1 0 1 1 1 1 0 1 0
0 1 0 1 1 1 1 1 0 0
0 1 1 0 0 0 1 1 1 1
0 1 1 0 0 1 0 1 1 1
0 1 1 0 0 1 1 0 1 1
0 1 1 0 0 1 1 1 0 1
0 1 1 0 0 1 1 1 1 0
0 1 1 0 1 0 0 1 1 1
0 1 1 0 1 0 1 0 1 1
0 1 1 0 1 0 1 1 0 1
0 1 1 0 1 0 1 1 1 0
0 1 1 0 1 1 0 0 1 1
0 1 1 0 1 1 0 1 0 1
0 1 1 0 1 1 0 1 1 0
0 1 1 0 1 1 1 0 0 1
0 1 1 0 1 1 1 0 1 0
0 1 1 0 1 1 1 1 0 0
0 1 1 1 0 0 0 1 1 1
0 1 1 1 0 0 1 0 1 1
0 1 1 1 0 0 1 1 0 1
0 1 1 1 0 0 1 1 1 0
0 1 1 1 0 1 0 0 1 1
0 1 1 1 0 1 0 1 0 1
0 1 1 1 0 1 0 1 1 0
0 1 1 1 0 1 1 0 0 1
0 1 1 1 0 1 1 0 1 0
0 1 1 1 0 1 1 1 0 0
0 1 1 1 1 0 0 0 1 1
0 1 1 1 1 0 0 1 0 1
0 1 1 1 1 0 0 1 1 0
0 1 1 1 1 0 1 0 0 1
0 1 1 1 1 0 1 0 1 0
0 1 1 1 1 0 1 1 0 0
0 1 1 1 1 1 0 0 0 1
0 1 1 1 1 1 0 0 1 0
0 1 1 1 1 1 0 1 0 0
0 1 1 1 1 1 1 0 0 0
1 0 0 0 0 1 1 1 1 1
1 0 0 0 1 0 1 1 1 1
1 0 0 0 1 1 0 1 1 1
1 0 0 0 1 1 1 0 1 1
1 0 0 0 1 1 1 1 0 1
1 0 0 0 1 1 1 1 1 0
1 0 0 1 0 0 1 1 1 1
1 0 0 1 0 1 0 1 1 1
1 0 0 1 0 1 1 0 1 1
1 0 0 1 0 1 1 1 0 1
1 0 0 1 0 1 1 1 1 0
1 0 0 1 1 0 0 1 1 1
1 0 0 1 1 0 1 0 1 1
1 0 0 1 1 0 1 1 0 1
1 0 0 1 1 0 1 1 1 0
1 0 0 1 1 1 0 0 1 1
1 0 0 1 1 1 0 1 0 1
1 0 0 1 1 1 0 1 1 0
1 0 0 1 1 1 1 0 0 1
1 0 0 1 1 1 1 0 1 0
1 0 0 1 1 1 1 1 0 0
1 0 1 0 0 0 1 1 1 1
1 0 1 0 0 1 0 1 1 1
1 0 1 0 0 1 1 0 1 1
1 0 1 0 0 1 1 1 0 1
1 0 1 0 0 1 1 1 1 0
1 0 1 0 1 0 0 1 1 1
1 0 1 0 1 0 1 0 1 1
1 0 1 0 1 0 1 1 0 1
1 0 1 0 1 0 1 1 1 0
1 0 1 0 1 1 0 0 1 1
1 0 1 0 1 1 0 1 0 1
1 0 1 0 1 1 0 1 1 0
1 0 1 0 1 1 1 0 0 1
1 0 1 0 1 1 1 0 1 0
1 0 1 0 1 1 1 1 0 0
1 0 1 1 0 0 0 1 1 1
1 0 1 1 0 0 1 0 1 1
1 0 1 1 0 0 1 1 0 1
1 0 1 1 0 0 1 1 1 0
1 0 1 1 0 1 0 0 1 1
1 0 1 1 0 1 0 1 0 1
1 0 1 1 0 1 0 1 1 0
1 0 1 1 0 1 1 0 0 1
1 0 1 1 0 1 1 0 1 0
1 0 1 1 0 1 1 1 0 0
1 0 1 1 1 0 0 0 1 1
1 0 1 1 1 0 0 1 0 1
1 0 1 1 1 0 0 1 1 0
1 0 1 1 1 0 1 0 0 1
1 0 1 1 1 0 1 0 1 0
1 0 1 1 1 0 1 1 0 0
1 0 1 1 1 1 0 0 0 1
1 0 1 1 1 1 0 0 1 0
1 0 1 1 1 1 0 1 0 0
1 0 1 1 1 1 1 0 0 0
1 1 0 0 0 0 1 1 1 1
1 1 0 0 0 1 0 1 1 1
1 1 0 0 0 1 1 0 1 1
1 1 0 0 0 1 1 1 0 1
1 1 0 0 0 1 1 1 1 0
1 1 0 0 1 0 0 1 1 1
1 1 0 0 1 0 1 0 1 1
1 1 0 0 1 0 1 1 0 1
1 1 0 0 1 0 1 1 1 0
1 1 0 0 1 1 0 0 1 1
1 1 0 0 1 1 0 1 0 1
1 1 0 0 1 1 0 1 1 0
1 1 0 0 1 1 1 0 0 1
1 1 0 0 1 1 1 0 1 0
1 1 0 0 1 1 1 1 0 0
1 1 0 1 0 0 0 1 1 1
1 1 0 1 0 0 1 0 1 1
1 1 0 1 0 0 1 1 0 1
1 1 0 1 0 0 1 1 1 0
1 1 0 1 0 1 0 0 1 1
1 1 0 1 0 1 0 1 0 1
1 1 0 1 0 1 0 1 1 0
1 1 0 1 0 1 1 0 0 1
1 1 0 1 0 1 1 0 1 0
1 1 0 1 0 1 1 1 0 0
1 1 0 1 1 0 0 0 1 1
1 1 0 1 1 0 0 1 0 1
1 1 0 1 1 0 0 1 1 0
1 1 0 1 1 0 1 0 0 1
1 1 0 1 1 0 1 0 1 0
1 1 0 1 1 0 1 1 0 0
1 1 0 1 1 1 0 0 0 1
1 1 0 1 1 1 0 0 1 0
1 1 0 1 1 1 0 1 0 0
1 1 0 1 1 1 1 0 0 0
1 1 1 0 0 0 0 1 1 1
1 1 1 0 0 0 1 0 1 1
1 1 1 0 0 0 1 1 0 1
1 1 1 0 0 0 1 1 1 0
1 1 1 0 0 1 0 0 1 1
1 1 1 0 0 1 0 1 0 1
1 1 1 0 0 1 0 1 1 0
1 1 1 0 0 1 1 0 0 1
1 1 1 0 0 1 1 0 1 0
1 1 1 0 0 1 1 1 0 0
1 1 1 0 1 0 0 0 1 1
1 1 1 0 1 0 0 1 0 1
1 1 1 0 1 0 0 1 1 0
1 1 1 0 1 0 1 0 0 1
1 1 1 0 1 0 1 0 1 0
1 1 1 0 1 0 1 1 0 0
1 1 1 0 1 1 0 0 0 1
1 1 1 0 1 1 0 0 1 0
1 1 1 0 1 1 0 1 0 0
1 1 1 0 1 1 1 0 0 0
1 1 1 1 0 0 0 0 1 1
1 1 1 1 0 0 0 1 0 1
1 1 1 1 0 0 0 1 1 0
1 1 1 1 0 0 1 0 0 1
1 1 1 1 0 0 1 0 1 0
1 1 1 1 0 0 1 1 0 0
1 1 1 1 0 1 0 0 0 1
1 1 1 1 0 1 0 0 1 0
1 1 1 1 0 1 0 1 0 0
1 1 1 1 0 1 1 0 0 0
1 1 1 1 1 0 0 0 0 1
1 1 1 1 1 0 0 0 1 0
1 1 1 1 1 0 0 1 0 0
1 1 1 1 1 0 1 0 0 0
1 1 1 1 1 1 0 0 0 0

Number of Combinations: 210

0 0 0 0 0 0 0 0 0 0
0 0 0 0 0 0 0 0 0 0
0 0 0 0 1 1 1 1 1 1

0 0 0 0 0 0 0 0 0 0
0 0 0 0 0 0 0 0 0 0
0 0 0 1 0 1 1 1 1 1

0 0 0 0 0 0 0 0 0 0
0 0 0 0 0 0 0 0 0 0
0 0 0 1 1 0 1 1 1 1

0 0 0 0 0 0 0 0 0 0
0 0 0 0 0 0 0 0 0 0
0 0 0 1 1 1 0 1 1 1

0 0 0 0 0 0 0 0 0 0
0 0 0 0 0 0 0 0 0 0
0 0 0 1 1 1 1 0 1 1

0 0 0 0 0 0 0 0 0 0
0 0 0 0 0 0 0 0 0 0
0 0 0 1 1 1 1 1 0 1

0 0 0 0 0 0 0 0 0 0
0 0 0 0 0 0 0 0 0 0
0 0 0 1 1 1 1 1 1 0

0 0 0 0 0 0 0 0 0 0
0 0 0 0 0 0 0 0 0 0
0 0 1 0 0 1 1 1 1 1

0 0 0 0 0 0 0 0 0 0
0 0 0 0 0 0 0 0 0 0
0 0 1 0 1 0 1 1 1 1

0 0 0 0 0 0 0 0 0 0
0 0 0 0 0 0 0 0 0 0
0 0 1 0 1 1 0 1 1 1

0 0 0 0 0 0 0 0 0 0
0 0 0 0 0 0 0 0 0 0
0 0 1 0 1 1 1 0 1 1

0 0 0 0 0 0 0 0 0 0
0 0 0 0 0 0 0 0 0 0
0 0 1 0 1 1 1 1 0 1

0 0 0 0 0 0 0 0 0 0
0 0 0 0 0 0 0 0 0 0
0 0 1 0 1 1 1 1 1 0

0 0 0 0 0 0 0 0 0 0
0 0 0 0 0 0 0 0 0 0
0 0 1 1 0 0 1 1 1 1

0 0 0 0 0 0 0 0 0 0
0 0 0 0 0 0 0 0 0 0
0 0 1 1 0 1 0 1 1 1

0 0 0 0 0 0 0 0 0 0
0 0 0 0 0 0 0 0 0 0
0 0 1 1 0 1 1 0 1 1

0 0 0 0 0 0 0 0 0 0
0 0 0 0 0 0 0 0 0 0
0 0 1 1 0 1 1 1 0 1

0 0 0 0 0 0 0 0 0 0
0 0 0 0 0 0 0 0 0 0
0 0 1 1 0 1 1 1 1 0

0 0 0 0 0 0 0 0 0 0
0 0 0 0 0 0 0 0 0 0
0 0 1 1 1 0 0 1 1 1

0 0 0 0 0 0 0 0 0 0
0 0 0 0 0 0 0 0 0 0
0 0 1 1 1 0 1 0 1 1

0 0 0 0 0 0 0 0 0 0
0 0 0 0 0 0 0 0 0 0
0 0 1 1 1 0 1 1 0 1

0 0 0 0 0 0 0 0 0 0
0 0 0 0 0 0 0 0 0 0
0 0 1 1 1 0 1 1 1 0

0 0 0 0 0 0 0 0 0 0
0 0 0 0 0 0 0 0 0 0
0 0 1 1 1 1 0 0 1 1

0 0 0 0 0 0 0 0 0 0
0 0 0 0 0 0 0 0 0 0
0 0 1 1 1 1 0 1 0 1

0 0 0 0 0 0 0 0 0 0
0 0 0 0 0 0 0 0 0 0
0 0 1 1 1 1 0 1 1 0

0 0 0 0 0 0 0 0 0 0
0 0 0 0 0 0 0 0 0 0
0 0 1 1 1 1 1 0 0 1

0 0 0 0 0 0 0 0 0 0
0 0 0 0 0 0 0 0 0 0
0 0 1 1 1 1 1 0 1 0

0 0 0 0 0 0 0 0 0 0
0 0 0 0 0 0 0 0 0 0
0 0 1 1 1 1 1 1 0 0

0 0 0 0 0 0 0 0 0 0
0 0 0 0 0 0 0 0 0 0
0 1 0 0 0 1 1 1 1 1

0 0 0 0 0 0 0 0 0 0
0 0 0 0 0 0 0 0 0 0
0 1 0 0 1 0 1 1 1 1

0 0 0 0 0 0 0 0 0 0
0 0 0 0 0 0 0 0 0 0
0 1 0 0 1 1 0 1 1 1

0 0 0 0 0 0 0 0 0 0
0 0 0 0 0 0 0 0 0 0
0 1 0 0 1 1 1 0 1 1

0 0 0 0 0 0 0 0 0 0
0 0 0 0 0 0 0 0 0 0
0 1 0 0 1 1 1 1 0 1

0 0 0 0 0 0 0 0 0 0
0 0 0 0 0 0 0 0 0 0
0 1 0 0 1 1 1 1 1 0

0 0 0 0 0 0 0 0 0 0
0 0 0 0 0 0 0 0 0 0
0 1 0 1 0 0 1 1 1 1

0 0 0 0 0 0 0 0 0 0
0 0 0 0 0 0 0 0 0 0
0 1 0 1 0 1 0 1 1 1

0 0 0 0 0 0 0 0 0 0
0 0 0 0 0 0 0 0 0 0
0 1 0 1 0 1 1 0 1 1

0 0 0 0 0 0 0 0 0 0
0 0 0 0 0 0 0 0 0 0
0 1 0 1 0 1 1 1 0 1

0 0 0 0 0 0 0 0 0 0
0 0 0 0 0 0 0 0 0 0
0 1 0 1 0 1 1 1 1 0

0 0 0 0 0 0 0 0 0 0
0 0 0 0 0 0 0 0 0 0
0 1 0 1 1 0 0 1 1 1

0 0 0 0 0 0 0 0 0 0
0 0 0 0 0 0 0 0 0 0
0 1 0 1 1 0 1 0 1 1

0 0 0 0 0 0 0 0 0 0
0 0 0 0 0 0 0 0 0 0
0 1 0 1 1 0 1 1 0 1

0 0 0 0 0 0 0 0 0 0
0 0 0 0 0 0 0 0 0 0
0 1 0 1 1 0 1 1 1 0

0 0 0 0 0 0 0 0 0 0
0 0 0 0 0 0 0 0 0 0
0 1 0 1 1 1 0 0 1 1

0 0 0 0 0 0 0 0 0 0
0 0 0 0 0 0 0 0 0 0
0 1 0 1 1 1 0 1 0 1

0 0 0 0 0 0 0 0 0 0
0 0 0 0 0 0 0 0 0 0
0 1 0 1 1 1 0 1 1 0

0 0 0 0 0 0 0 0 0 0
0 0 0 0 0 0 0 0 0 0
0 1 0 1 1 1 1 0 0 1

0 0 0 0 0 0 0 0 0 0
0 0 0 0 0 0 0 0 0 0
0 1 0 1 1 1 1 0 1 0

0 0 0 0 0 0 0 0 0 0
0 0 0 0 0 0 0 0 0 0
0 1 0 1 1 1 1 1 0 0

0 0 0 0 0 0 0 0 0 0
0 0 0 0 0 0 0 0 0 0
0 1 1 0 0 0 1 1 1 1

0 0 0 0 0 0 0 0 0 0
0 0 0 0 0 0 0 0 0 0
0 1 1 0 0 1 0 1 1 1

0 0 0 0 0 0 0 0 0 0
0 0 0 0 0 0 0 0 0 0
0 1 1 0 0 1 1 0 1 1

0 0 0 0 0 0 0 0 0 0
0 0 0 0 0 0 0 0 0 0
0 1 1 0 0 1 1 1 0 1

0 0 0 0 0 0 0 0 0 0
0 0 0 0 0 0 0 0 0 0
0 1 1 0 0 1 1 1 1 0

0 0 0 0 0 0 0 0 0 0
0 0 0 0 0 0 0 0 0 0
0 1 1 0 1 0 0 1 1 1

0 0 0 0 0 0 0 0 0 0
0 0 0 0 0 0 0 0 0 0
0 1 1 0 1 0 1 0 1 1

0 0 0 0 0 0 0 0 0 0
0 0 0 0 0 0 0 0 0 0
0 1 1 0 1 0 1 1 0 1

0 0 0 0 0 0 0 0 0 0
0 0 0 0 0 0 0 0 0 0
0 1 1 0 1 0 1 1 1 0

0 0 0 0 0 0 0 0 0 0
0 0 0 0 0 0 0 0 0 0
0 1 1 0 1 1 0 0 1 1

0 0 0 0 0 0 0 0 0 0
0 0 0 0 0 0 0 0 0 0
0 1 1 0 1 1 0 1 0 1

0 0 0 0 0 0 0 0 0 0
0 0 0 0 0 0 0 0 0 0
0 1 1 0 1 1 0 1 1 0

0 0 0 0 0 0 0 0 0 0
0 0 0 0 0 0 0 0 0 0
0 1 1 0 1 1 1 0 0 1

0 0 0 0 0 0 0 0 0 0
0 0 0 0 0 0 0 0 0 0
0 1 1 0 1 1 1 0 1 0

0 0 0 0 0 0 0 0 0 0
0 0 0 0 0 0 0 0 0 0
0 1 1 0 1 1 1 1 0 0

0 0 0 0 0 0 0 0 0 0
0 0 0 0 0 0 0 0 0 0
0 1 1 1 0 0 0 1 1 1

0 0 0 0 0 0 0 0 0 0
0 0 0 0 0 0 0 0 0 0
0 1 1 1 0 0 1 0 1 1

0 0 0 0 0 0 0 0 0 0
0 0 0 0 0 0 0 0 0 0
0 1 1 1 0 0 1 1 0 1

0 0 0 0 0 0 0 0 0 0
0 0 0 0 0 0 0 0 0 0
0 1 1 1 0 0 1 1 1 0

0 0 0 0 0 0 0 0 0 0
0 0 0 0 0 0 0 0 0 0
0 1 1 1 0 1 0 0 1 1

0 0 0 0 0 0 0 0 0 0
0 0 0 0 0 0 0 0 0 0
0 1 1 1 0 1 0 1 0 1

0 0 0 0 0 0 0 0 0 0
0 0 0 0 0 0 0 0 0 0
0 1 1 1 0 1 0 1 1 0

0 0 0 0 0 0 0 0 0 0
0 0 0 0 0 0 0 0 0 0
0 1 1 1 0 1 1 0 0 1

0 0 0 0 0 0 0 0 0 0
0 0 0 0 0 0 0 0 0 0
0 1 1 1 0 1 1 0 1 0

0 0 0 0 0 0 0 0 0 0
0 0 0 0 0 0 0 0 0 0
0 1 1 1 0 1 1 1 0 0

0 0 0 0 0 0 0 0 0 0
0 0 0 0 0 0 0 0 0 0
0 1 1 1 1 0 0 0 1 1

0 0 0 0 0 0 0 0 0 0
0 0 0 0 0 0 0 0 0 0
0 1 1 1 1 0 0 1 0 1

0 0 0 0 0 0 0 0 0 0
0 0 0 0 0 0 0 0 0 0
0 1 1 1 1 0 0 1 1 0

0 0 0 0 0 0 0 0 0 0
0 0 0 0 0 0 0 0 0 0
0 1 1 1 1 0 1 0 0 1

0 0 0 0 0 0 0 0 0 0
0 0 0 0 0 0 0 0 0 0
0 1 1 1 1 0 1 0 1 0

0 0 0 0 0 0 0 0 0 0
0 0 0 0 0 0 0 0 0 0
0 1 1 1 1 0 1 1 0 0

0 0 0 0 0 0 0 0 0 0
0 0 0 0 0 0 0 0 0 0
0 1 1 1 1 1 0 0 0 1

0 0 0 0 0 0 0 0 0 0
0 0 0 0 0 0 0 0 0 0
0 1 1 1 1 1 0 0 1 0

0 0 0 0 0 0 0 0 0 0
0 0 0 0 0 0 0 0 0 0
0 1 1 1 1 1 0 1 0 0

0 0 0 0 0 0 0 0 0 0
0 0 0 0 0 0 0 0 0 0
0 1 1 1 1 1 1 0 0 0

0 0 0 0 0 0 0 0 0 0
0 0 0 0 0 0 0 0 0 0
1 0 0 0 0 1 1 1 1 1

0 0 0 0 0 0 0 0 0 0
0 0 0 0 0 0 0 0 0 0
1 0 0 0 1 0 1 1 1 1

0 0 0 0 0 0 0 0 0 0
0 0 0 0 0 0 0 0 0 0
1 0 0 0 1 1 0 1 1 1

0 0 0 0 0 0 0 0 0 0
0 0 0 0 0 0 0 0 0 0
1 0 0 0 1 1 1 0 1 1

0 0 0 0 0 0 0 0 0 0
0 0 0 0 0 0 0 0 0 0
1 0 0 0 1 1 1 1 0 1

0 0 0 0 0 0 0 0 0 0
0 0 0 0 0 0 0 0 0 0
1 0 0 0 1 1 1 1 1 0

0 0 0 0 0 0 0 0 0 0
0 0 0 0 0 0 0 0 0 0
1 0 0 1 0 0 1 1 1 1

0 0 0 0 0 0 0 0 0 0
0 0 0 0 0 0 0 0 0 0
1 0 0 1 0 1 0 1 1 1

0 0 0 0 0 0 0 0 0 0
0 0 0 0 0 0 0 0 0 0
1 0 0 1 0 1 1 0 1 1

0 0 0 0 0 0 0 0 0 0
0 0 0 0 0 0 0 0 0 0
1 0 0 1 0 1 1 1 0 1

0 0 0 0 0 0 0 0 0 0
0 0 0 0 0 0 0 0 0 0
1 0 0 1 0 1 1 1 1 0

0 0 0 0 0 0 0 0 0 0
0 0 0 0 0 0 0 0 0 0
1 0 0 1 1 0 0 1 1 1

0 0 0 0 0 0 0 0 0 0
0 0 0 0 0 0 0 0 0 0
1 0 0 1 1 0 1 0 1 1

0 0 0 0 0 0 0 0 0 0
0 0 0 0 0 0 0 0 0 0
1 0 0 1 1 0 1 1 0 1

0 0 0 0 0 0 0 0 0 0
0 0 0 0 0 0 0 0 0 0
1 0 0 1 1 0 1 1 1 0

0 0 0 0 0 0 0 0 0 0
0 0 0 0 0 0 0 0 0 0
1 0 0 1 1 1 0 0 1 1

0 0 0 0 0 0 0 0 0 0
0 0 0 0 0 0 0 0 0 0
1 0 0 1 1 1 0 1 0 1

0 0 0 0 0 0 0 0 0 0
0 0 0 0 0 0 0 0 0 0
1 0 0 1 1 1 0 1 1 0

0 0 0 0 0 0 0 0 0 0
0 0 0 0 0 0 0 0 0 0
1 0 0 1 1 1 1 0 0 1

0 0 0 0 0 0 0 0 0 0
0 0 0 0 0 0 0 0 0 0
1 0 0 1 1 1 1 0 1 0

0 0 0 0 0 0 0 0 0 0
0 0 0 0 0 0 0 0 0 0
1 0 0 1 1 1 1 1 0 0

0 0 0 0 0 0 0 0 0 0
0 0 0 0 0 0 0 0 0 0
1 0 1 0 0 0 1 1 1 1

0 0 0 0 0 0 0 0 0 0
0 0 0 0 0 0 0 0 0 0
1 0 1 0 0 1 0 1 1 1

0 0 0 0 0 0 0 0 0 0
0 0 0 0 0 0 0 0 0 0
1 0 1 0 0 1 1 0 1 1

0 0 0 0 0 0 0 0 0 0
0 0 0 0 0 0 0 0 0 0
1 0 1 0 0 1 1 1 0 1

0 0 0 0 0 0 0 0 0 0
0 0 0 0 0 0 0 0 0 0
1 0 1 0 0 1 1 1 1 0

0 0 0 0 0 0 0 0 0 0
0 0 0 0 0 0 0 0 0 0
1 0 1 0 1 0 0 1 1 1

0 0 0 0 0 0 0 0 0 0
0 0 0 0 0 0 0 0 0 0
1 0 1 0 1 0 1 0 1 1

0 0 0 0 0 0 0 0 0 0
0 0 0 0 0 0 0 0 0 0
1 0 1 0 1 0 1 1 0 1

0 0 0 0 0 0 0 0 0 0
0 0 0 0 0 0 0 0 0 0
1 0 1 0 1 0 1 1 1 0

0 0 0 0 0 0 0 0 0 0
0 0 0 0 0 0 0 0 0 0
1 0 1 0 1 1 0 0 1 1

0 0 0 0 0 0 0 0 0 0
0 0 0 0 0 0 0 0 0 0
1 0 1 0 1 1 0 1 0 1

0 0 0 0 0 0 0 0 0 0
0 0 0 0 0 0 0 0 0 0
1 0 1 0 1 1 0 1 1 0

0 0 0 0 0 0 0 0 0 0
0 0 0 0 0 0 0 0 0 0
1 0 1 0 1 1 1 0 0 1

0 0 0 0 0 0 0 0 0 0
0 0 0 0 0 0 0 0 0 0
1 0 1 0 1 1 1 0 1 0

0 0 0 0 0 0 0 0 0 0
0 0 0 0 0 0 0 0 0 0
1 0 1 0 1 1 1 1 0 0

0 0 0 0 0 0 0 0 0 0
0 0 0 0 0 0 0 0 0 0
1 0 1 1 0 0 0 1 1 1

0 0 0 0 0 0 0 0 0 0
0 0 0 0 0 0 0 0 0 0
1 0 1 1 0 0 1 0 1 1

0 0 0 0 0 0 0 0 0 0
0 0 0 0 0 0 0 0 0 0
1 0 1 1 0 0 1 1 0 1

0 0 0 0 0 0 0 0 0 0
0 0 0 0 0 0 0 0 0 0
1 0 1 1 0 0 1 1 1 0

0 0 0 0 0 0 0 0 0 0
0 0 0 0 0 0 0 0 0 0
1 0 1 1 0 1 0 0 1 1

0 0 0 0 0 0 0 0 0 0
0 0 0 0 0 0 0 0 0 0
1 0 1 1 0 1 0 1 0 1

0 0 0 0 0 0 0 0 0 0
0 0 0 0 0 0 0 0 0 0
1 0 1 1 0 1 0 1 1 0

0 0 0 0 0 0 0 0 0 0
0 0 0 0 0 0 0 0 0 0
1 0 1 1 0 1 1 0 0 1

0 0 0 0 0 0 0 0 0 0
0 0 0 0 0 0 0 0 0 0
1 0 1 1 0 1 1 0 1 0

0 0 0 0 0 0 0 0 0 0
0 0 0 0 0 0 0 0 0 0
1 0 1 1 0 1 1 1 0 0

0 0 0 0 0 0 0 0 0 0
0 0 0 0 0 0 0 0 0 0
1 0 1 1 1 0 0 0 1 1

0 0 0 0 0 0 0 0 0 0
0 0 0 0 0 0 0 0 0 0
1 0 1 1 1 0 0 1 0 1

0 0 0 0 0 0 0 0 0 0
0 0 0 0 0 0 0 0 0 0
1 0 1 1 1 0 0 1 1 0

0 0 0 0 0 0 0 0 0 0
0 0 0 0 0 0 0 0 0 0
1 0 1 1 1 0 1 0 0 1

0 0 0 0 0 0 0 0 0 0
0 0 0 0 0 0 0 0 0 0
1 0 1 1 1 0 1 0 1 0

0 0 0 0 0 0 0 0 0 0
0 0 0 0 0 0 0 0 0 0
1 0 1 1 1 0 1 1 0 0

0 0 0 0 0 0 0 0 0 0
0 0 0 0 0 0 0 0 0 0
1 0 1 1 1 1 0 0 0 1

0 0 0 0 0 0 0 0 0 0
0 0 0 0 0 0 0 0 0 0
1 0 1 1 1 1 0 0 1 0

0 0 0 0 0 0 0 0 0 0
0 0 0 0 0 0 0 0 0 0
1 0 1 1 1 1 0 1 0 0

0 0 0 0 0 0 0 0 0 0
0 0 0 0 0 0 0 0 0 0
1 0 1 1 1 1 1 0 0 0

0 0 0 0 0 0 0 0 0 0
0 0 0 0 0 0 0 0 0 0
1 1 0 0 0 0 1 1 1 1

0 0 0 0 0 0 0 0 0 0
0 0 0 0 0 0 0 0 0 0
1 1 0 0 0 1 0 1 1 1

0 0 0 0 0 0 0 0 0 0
0 0 0 0 0 0 0 0 0 0
1 1 0 0 0 1 1 0 1 1

0 0 0 0 0 0 0 0 0 0
0 0 0 0 0 0 0 0 0 0
1 1 0 0 0 1 1 1 0 1

0 0 0 0 0 0 0 0 0 0
0 0 0 0 0 0 0 0 0 0
1 1 0 0 0 1 1 1 1 0

0 0 0 0 0 0 0 0 0 0
0 0 0 0 0 0 0 0 0 0
1 1 0 0 1 0 0 1 1 1

0 0 0 0 0 0 0 0 0 0
0 0 0 0 0 0 0 0 0 0
1 1 0 0 1 0 1 0 1 1

0 0 0 0 0 0 0 0 0 0
0 0 0 0 0 0 0 0 0 0
1 1 0 0 1 0 1 1 0 1

0 0 0 0 0 0 0 0 0 0
0 0 0 0 0 0 0 0 0 0
1 1 0 0 1 0 1 1 1 0

0 0 0 0 0 0 0 0 0 0
0 0 0 0 0 0 0 0 0 0
1 1 0 0 1 1 0 0 1 1

0 0 0 0 0 0 0 0 0 0
0 0 0 0 0 0 0 0 0 0
1 1 0 0 1 1 0 1 0 1

0 0 0 0 0 0 0 0 0 0
0 0 0 0 0 0 0 0 0 0
1 1 0 0 1 1 0 1 1 0

0 0 0 0 0 0 0 0 0 0
0 0 0 0 0 0 0 0 0 0
1 1 0 0 1 1 1 0 0 1

0 0 0 0 0 0 0 0 0 0
0 0 0 0 0 0 0 0 0 0
1 1 0 0 1 1 1 0 1 0

0 0 0 0 0 0 0 0 0 0
0 0 0 0 0 0 0 0 0 0
1 1 0 0 1 1 1 1 0 0

0 0 0 0 0 0 0 0 0 0
0 0 0 0 0 0 0 0 0 0
1 1 0 1 0 0 0 1 1 1

0 0 0 0 0 0 0 0 0 0
0 0 0 0 0 0 0 0 0 0
1 1 0 1 0 0 1 0 1 1

0 0 0 0 0 0 0 0 0 0
0 0 0 0 0 0 0 0 0 0
1 1 0 1 0 0 1 1 0 1

0 0 0 0 0 0 0 0 0 0
0 0 0 0 0 0 0 0 0 0
1 1 0 1 0 0 1 1 1 0

0 0 0 0 0 0 0 0 0 0
0 0 0 0 0 0 0 0 0 0
1 1 0 1 0 1 0 0 1 1

0 0 0 0 0 0 0 0 0 0
0 0 0 0 0 0 0 0 0 0
1 1 0 1 0 1 0 1 0 1

0 0 0 0 0 0 0 0 0 0
0 0 0 0 0 0 0 0 0 0
1 1 0 1 0 1 0 1 1 0

0 0 0 0 0 0 0 0 0 0
0 0 0 0 0 0 0 0 0 0
1 1 0 1 0 1 1 0 0 1

0 0 0 0 0 0 0 0 0 0
0 0 0 0 0 0 0 0 0 0
1 1 0 1 0 1 1 0 1 0

0 0 0 0 0 0 0 0 0 0
0 0 0 0 0 0 0 0 0 0
1 1 0 1 0 1 1 1 0 0

0 0 0 0 0 0 0 0 0 0
0 0 0 0 0 0 0 0 0 0
1 1 0 1 1 0 0 0 1 1

0 0 0 0 0 0 0 0 0 0
0 0 0 0 0 0 0 0 0 0
1 1 0 1 1 0 0 1 0 1

0 0 0 0 0 0 0 0 0 0
0 0 0 0 0 0 0 0 0 0
1 1 0 1 1 0 0 1 1 0

0 0 0 0 0 0 0 0 0 0
0 0 0 0 0 0 0 0 0 0
1 1 0 1 1 0 1 0 0 1

0 0 0 0 0 0 0 0 0 0
0 0 0 0 0 0 0 0 0 0
1 1 0 1 1 0 1 0 1 0

0 0 0 0 0 0 0 0 0 0
0 0 0 0 0 0 0 0 0 0
1 1 0 1 1 0 1 1 0 0

0 0 0 0 0 0 0 0 0 0
0 0 0 0 0 0 0 0 0 0
1 1 0 1 1 1 0 0 0 1

0 0 0 0 0 0 0 0 0 0
0 0 0 0 0 0 0 0 0 0
1 1 0 1 1 1 0 0 1 0

0 0 0 0 0 0 0 0 0 0
0 0 0 0 0 0 0 0 0 0
1 1 0 1 1 1 0 1 0 0

0 0 0 0 0 0 0 0 0 0
0 0 0 0 0 0 0 0 0 0
1 1 0 1 1 1 1 0 0 0

0 0 0 0 0 0 0 0 0 0
0 0 0 0 0 0 0 0 0 0
1 1 1 0 0 0 0 1 1 1

0 0 0 0 0 0 0 0 0 0
0 0 0 0 0 0 0 0 0 0
1 1 1 0 0 0 1 0 1 1

0 0 0 0 0 0 0 0 0 0
0 0 0 0 0 0 0 0 0 0
1 1 1 0 0 0 1 1 0 1

0 0 0 0 0 0 0 0 0 0
0 0 0 0 0 0 0 0 0 0
1 1 1 0 0 0 1 1 1 0

0 0 0 0 0 0 0 0 0 0
0 0 0 0 0 0 0 0 0 0
1 1 1 0 0 1 0 0 1 1

0 0 0 0 0 0 0 0 0 0
0 0 0 0 0 0 0 0 0 0
1 1 1 0 0 1 0 1 0 1

0 0 0 0 0 0 0 0 0 0
0 0 0 0 0 0 0 0 0 0
1 1 1 0 0 1 0 1 1 0

0 0 0 0 0 0 0 0 0 0
0 0 0 0 0 0 0 0 0 0
1 1 1 0 0 1 1 0 0 1

0 0 0 0 0 0 0 0 0 0
0 0 0 0 0 0 0 0 0 0
1 1 1 0 0 1 1 0 1 0

0 0 0 0 0 0 0 0 0 0
0 0 0 0 0 0 0 0 0 0
1 1 1 0 0 1 1 1 0 0

0 0 0 0 0 0 0 0 0 0
0 0 0 0 0 0 0 0 0 0
1 1 1 0 1 0 0 0 1 1

0 0 0 0 0 0 0 0 0 0
0 0 0 0 0 0 0 0 0 0
1 1 1 0 1 0 0 1 0 1

0 0 0 0 0 0 0 0 0 0
0 0 0 0 0 0 0 0 0 0
1 1 1 0 1 0 0 1 1 0

0 0 0 0 0 0 0 0 0 0
0 0 0 0 0 0 0 0 0 0
1 1 1 0 1 0 1 0 0 1

0 0 0 0 0 0 0 0 0 0
0 0 0 0 0 0 0 0 0 0
1 1 1 0 1 0 1 0 1 0

0 0 0 0 0 0 0 0 0 0
0 0 0 0 0 0 0 0 0 0
1 1 1 0 1 0 1 1 0 0

0 0 0 0 0 0 0 0 0 0
0 0 0 0 0 0 0 0 0 0
1 1 1 0 1 1 0 0 0 1

0 0 0 0 0 0 0 0 0 0
0 0 0 0 0 0 0 0 0 0
1 1 1 0 1 1 0 0 1 0

0 0 0 0 0 0 0 0 0 0
0 0 0 0 0 0 0 0 0 0
1 1 1 0 1 1 0 1 0 0

0 0 0 0 0 0 0 0 0 0
0 0 0 0 0 0 0 0 0 0
1 1 1 0 1 1 1 0 0 0

0 0 0 0 0 0 0 0 0 0
0 0 0 0 0 0 0 0 0 0
1 1 1 1 0 0 0 0 1 1

0 0 0 0 0 0 0 0 0 0
0 0 0 0 0 0 0 0 0 0
1 1 1 1 0 0 0 1 0 1

0 0 0 0 0 0 0 0 0 0
0 0 0 0 0 0 0 0 0 0
1 1 1 1 0 0 0 1 1 0

0 0 0 0 0 0 0 0 0 0
0 0 0 0 0 0 0 0 0 0
1 1 1 1 0 0 1 0 0 1

0 0 0 0 0 0 0 0 0 0
0 0 0 0 0 0 0 0 0 0
1 1 1 1 0 0 1 0 1 0

0 0 0 0 0 0 0 0 0 0
0 0 0 0 0 0 0 0 0 0
1 1 1 1 0 0 1 1 0 0

0 0 0 0 0 0 0 0 0 0
0 0 0 0 0 0 0 0 0 0
1 1 1 1 0 1 0 0 0 1

0 0 0 0 0 0 0 0 0 0
0 0 0 0 0 0 0 0 0 0
1 1 1 1 0 1 0 0 1 0

0 0 0 0 0 0 0 0 0 0
0 0 0 0 0 0 0 0 0 0
1 1 1 1 0 1 0 1 0 0

0 0 0 0 0 0 0 0 0 0
0 0 0 0 0 0 0 0 0 0
1 1 1 1 0 1 1 0 0 0

0 0 0 0 0 0 0 0 0 0
0 0 0 0 0 0 0 0 0 0
1 1 1 1 1 0 0 0 0 1

0 0 0 0 0 0 0 0 0 0
0 0 0 0 0 0 0 0 0 0
1 1 1 1 1 0 0 0 1 0

0 0 0 0 0 0 0 0 0 0
0 0 0 0 0 0 0 0 0 0
1 1 1 1 1 0 0 1 0 0

0 0 0 0 0 0 0 0 0 0
0 0 0 0 0 0 0 0 0 0
1 1 1 1 1 0 1 0 0 0

0 0 0 0 0 0 0 0 0 0
0 0 0 0 0 0 0 0 0 0
1 1 1 1 1 1 0 0 0 0


Free Memory After: 274 MB
Free Memory Used: -148 MB

Time Taken: 4415 milliseconds